30 0.0 0.0 3.3333333333333335 3.3333333333333335 0.0 0.0 1.0 30 0.0 0.0 3.3333333333333335 3.3333333333333335 0.0 0.0 1.0 30 0.0 0.0 3.3333333333333335 3.3333333333333335 0.0 0.0 1.0 30 0.0 0.0 3.3333333333333335 3.3333333333333335 0.0 0.0 1.0 30 0.0 0.0 3.3333333333333335 3.3333333333333335 0.0 0.0 1.0 30 0.0 0.0 3.3333333333333335 3.3333333333333335 0.0 0.0 1.0 30 0.0 0.0 3.3333333333333335 3.3333333333333335 0.0 0.0 1.0 30 0.0 0.0 3.3333333333333335 3.3333333333333335 0.0 0.0 1.0 30 0.0 0.0 3.3333333333333335 3.3333333333333335 0.0 0.0 1.0 30 0.0 0.0 3.3333333333333335 3.3333333333333335 0.0 0.0 1.0 
60 0.0 0.0 6.666666666666667 6.666666666666667 0.0 0.0 1.0 60 0.0 0.0 6.666666666666667 6.666666666666667 0.0 0.0 1.0 60 0.0 0.0 6.666666666666667 6.666666666666667 0.0 0.0 1.0 60 0.0 0.0 6.666666666666667 6.666666666666667 0.0 0.0 1.0 60 0.0 0.0 6.666666666666667 6.666666666666667 0.0 0.0 1.0 60 0.0 0.0 6.666666666666667 6.666666666666667 0.0 0.0 1.0 60 0.0 0.0 6.666666666666667 6.666666666666667 0.0 0.0 1.0 60 0.0 0.0 6.666666666666667 6.666666666666667 0.0 0.0 1.0 60 0.0 0.0 6.666666666666667 6.666666666666667 0.0 0.0 1.0 60 0.0 0.0 6.666666666666667 6.666666666666667 0.0 0.0 1.0 
90 0.0 0.0 10.0 10.0 0.0 0.0 1.0 90 0.0 0.0 10.0 10.0 0.0 0.0 1.0 90 0.0 0.0 10.0 10.0 0.0 0.0 1.0 90 0.0 0.0 10.0 10.0 0.0 0.0 1.0 90 0.0 0.0 10.0 10.0 0.0 0.0 1.0 90 0.0 0.0 10.0 10.0 0.0 0.0 1.0 90 0.0 0.0 10.0 10.0 0.0 0.0 1.0 90 0.0 0.0 10.0 10.0 0.0 0.0 1.0 90 0.0 0.0 10.0 10.0 0.0 0.0 1.0 90 0.0 0.0 10.0 10.0 0.0 0.0 1.0 
120 0.0 0.0 13.333333333333334 13.333333333333334 0.0 0.0 1.0 120 0.0 0.0 13.333333333333334 13.333333333333334 0.0 0.0 1.0 120 0.0 0.0 13.333333333333334 13.333333333333334 0.0 0.0 1.0 120 0.0 0.0 13.333333333333334 13.333333333333334 0.0 0.0 1.0 120 0.0 0.0 13.333333333333334 13.333333333333334 0.0 0.0 1.0 120 0.0 0.0 13.333333333333334 13.333333333333334 0.0 0.0 1.0 120 0.0 0.0 13.333333333333334 13.333333333333334 0.0 0.0 1.0 120 0.0 0.0 13.333333333333334 13.333333333333334 0.0 0.0 1.0 120 0.0 0.0 13.333333333333334 13.333333333333334 0.0 0.0 1.0 120 0.0 0.0 13.333333333333334 13.333333333333334 0.0 0.0 1.0 
150 0.0 0.0 16.666666666666668 16.666666666666668 0.0 0.0 1.0 150 0.0 0.0 16.666666666666668 16.666666666666668 0.0 0.0 1.0 150 0.0 0.0 16.666666666666668 16.666666666666668 0.0 0.0 1.0 150 0.0 0.0 16.666666666666668 16.666666666666668 0.0 0.0 1.0 150 0.0 0.0 16.666666666666668 16.666666666666668 0.0 0.0 1.0 150 0.0 0.0 16.666666666666668 16.666666666666668 0.0 0.0 1.0 150 0.0 0.0 16.666666666666668 16.666666666666668 0.0 0.0 1.0 150 0.0 0.0 16.666666666666668 16.666666666666668 0.0 0.0 1.0 150 0.0 0.0 16.666666666666668 16.666666666666668 0.0 0.0 1.0 150 0.0 0.0 16.666666666666668 16.666666666666668 0.0 0.0 1.0 
180 0.0 0.0 20.0 20.0 0.0 0.0 1.0 180 0.0 0.0 20.0 20.0 0.0 0.0 1.0 180 0.0 0.0 20.0 20.0 0.0 0.0 1.0 180 0.0 0.0 20.0 20.0 0.0 0.0 1.0 180 0.0 0.0 20.0 20.0 0.0 0.0 1.0 180 0.0 0.0 20.0 20.0 0.0 0.0 1.0 180 0.0 0.0 20.0 20.0 0.0 0.0 1.0 180 0.0 0.0 20.0 20.0 0.0 0.0 1.0 180 0.0 0.0 20.0 20.0 0.0 0.0 1.0 180 0.0 0.0 20.0 20.0 0.0 0.0 1.0 
210 0.0 0.0 23.333333333333332 23.333333333333332 0.0 0.0 1.0 210 0.0 0.0 23.333333333333332 23.333333333333332 0.0 0.0 1.0 210 0.0 0.0 23.333333333333332 23.333333333333332 0.0 0.0 1.0 210 0.0 0.0 23.333333333333332 23.333333333333332 0.0 0.0 1.0 210 0.0 0.0 23.333333333333332 23.333333333333332 0.0 0.0 1.0 210 0.0 0.0 23.333333333333332 23.333333333333332 0.0 0.0 1.0 210 0.0 0.0 23.333333333333332 23.333333333333332 0.0 0.0 1.0 210 0.0 0.0 23.333333333333332 23.333333333333332 0.0 0.0 1.0 210 0.0 0.0 23.333333333333332 23.333333333333332 0.0 0.0 1.0 210 0.0 0.0 23.333333333333332 23.333333333333332 0.0 0.0 1.0 
240 0.0 0.0 26.666666666666668 26.666666666666668 0.0 0.0 1.0 240 0.0 0.0 26.666666666666668 26.666666666666668 0.0 0.0 1.0 240 0.0 0.0 26.666666666666668 26.666666666666668 0.0 0.0 1.0 240 0.0 0.0 26.666666666666668 26.666666666666668 0.0 0.0 1.0 240 0.0 0.0 26.666666666666668 26.666666666666668 0.0 0.0 1.0 240 0.0 0.0 26.666666666666668 26.666666666666668 0.0 0.0 1.0 240 0.0 0.0 26.666666666666668 26.666666666666668 0.0 0.0 1.0 240 0.0 0.0 26.666666666666668 26.666666666666668 0.0 0.0 1.0 240 0.0 0.0 26.666666666666668 26.666666666666668 0.0 0.0 1.0 240 0.0 0.0 26.666666666666668 26.666666666666668 0.0 0.0 1.0 
270 0.0 0.0 30.0 30.0 0.0 0.0 1.0 270 0.0 0.0 30.0 30.0 0.0 0.0 1.0 270 0.0 0.0 30.0 30.0 0.0 0.0 1.0 270 0.0 0.0 30.0 30.0 0.0 0.0 1.0 270 0.0 0.0 30.0 30.0 0.0 0.0 1.0 270 0.0 0.0 30.0 30.0 0.0 0.0 1.0 270 0.0 0.0 30.0 30.0 0.0 0.0 1.0 270 0.0 0.0 30.0 30.0 0.0 0.0 1.0 270 0.0 0.0 30.0 30.0 0.0 0.0 1.0 270 0.0 0.0 30.0 30.0 0.0 0.0 1.0 
300 0.0 0.0 33.333333333333336 33.333333333333336 0.0 0.0 1.0 300 0.0 0.0 33.333333333333336 33.333333333333336 0.0 0.0 1.0 300 0.0 0.0 33.333333333333336 33.333333333333336 0.0 0.0 1.0 300 0.0 0.0 33.333333333333336 33.333333333333336 0.0 0.0 1.0 300 0.0 0.0 33.333333333333336 33.333333333333336 0.0 0.0 1.0 300 0.0 0.0 33.333333333333336 33.333333333333336 0.0 0.0 1.0 300 0.0 0.0 33.333333333333336 33.333333333333336 0.0 0.0 1.0 300 0.0 0.0 33.333333333333336 33.333333333333336 0.0 0.0 1.0 300 0.0 0.0 33.333333333333336 33.333333333333336 0.0 0.0 1.0 300 0.0 0.0 33.333333333333336 33.333333333333336 0.0 0.0 1.0 
330 0.0 0.0 36.666666666666664 36.666666666666664 0.0 0.0 1.0 330 0.0 0.0 36.666666666666664 36.666666666666664 0.0 0.0 1.0 330 0.0 0.0 36.666666666666664 36.666666666666664 0.0 0.0 1.0 330 0.0 0.0 36.666666666666664 36.666666666666664 0.0 0.0 1.0 330 0.0 0.0 36.666666666666664 36.666666666666664 0.0 0.0 1.0 330 0.0 0.0 36.666666666666664 36.666666666666664 0.0 0.0 1.0 330 0.0 0.0 36.666666666666664 36.666666666666664 0.0 0.0 1.0 330 0.0 0.0 36.666666666666664 36.666666666666664 0.0 0.0 1.0 330 0.0 0.0 36.666666666666664 36.666666666666664 0.0 0.0 1.0 330 0.0 0.0 36.666666666666664 36.666666666666664 0.0 0.0 1.0 
360 0.0 0.0 40.0 40.0 0.0 0.0 1.0 360 0.0 0.0 40.0 40.0 0.0 0.0 1.0 360 0.0 0.0 40.0 40.0 0.0 0.0 1.0 360 0.0 0.0 40.0 40.0 0.0 0.0 1.0 360 0.0 0.0 40.0 40.0 0.0 0.0 1.0 360 0.0 0.0 40.0 40.0 0.0 0.0 1.0 360 0.0 0.0 40.0 40.0 0.0 0.0 1.0 360 0.0 0.0 40.0 40.0 0.0 0.0 1.0 360 0.0 0.0 40.0 40.0 0.0 0.0 1.0 360 0.0 0.0 40.0 40.0 0.0 0.0 1.0 
390 0.0 0.0 43.333333333333336 43.333333333333336 0.0 0.0 1.0 390 0.0 0.0 43.333333333333336 43.333333333333336 0.0 0.0 1.0 390 0.0 0.0 43.333333333333336 43.333333333333336 0.0 0.0 1.0 390 0.0 0.0 43.333333333333336 43.333333333333336 0.0 0.0 1.0 390 0.0 0.0 43.333333333333336 43.333333333333336 0.0 0.0 1.0 390 0.0 0.0 43.333333333333336 43.333333333333336 0.0 0.0 1.0 390 0.0 0.0 43.333333333333336 43.333333333333336 0.0 0.0 1.0 390 0.0 0.0 43.333333333333336 43.333333333333336 0.0 0.0 1.0 390 0.0 0.0 43.333333333333336 43.333333333333336 0.0 0.0 1.0 390 0.0 0.0 43.333333333333336 43.333333333333336 0.0 0.0 1.0 
420 0.0 0.0 46.666666666666664 46.666666666666664 0.0 0.0 1.0 420 0.0 0.0 46.666666666666664 46.666666666666664 0.0 0.0 1.0 420 0.0 0.0 46.666666666666664 46.666666666666664 0.0 0.0 1.0 420 0.0 0.0 46.666666666666664 46.666666666666664 0.0 0.0 1.0 420 0.0 0.0 46.666666666666664 46.666666666666664 0.0 0.0 1.0 420 0.0 0.0 46.666666666666664 46.666666666666664 0.0 0.0 1.0 420 0.0 0.0 46.666666666666664 46.666666666666664 0.0 0.0 1.0 420 0.0 0.0 46.666666666666664 46.666666666666664 0.0 0.0 1.0 420 0.0 0.0 46.666666666666664 46.666666666666664 0.0 0.0 1.0 420 0.0 0.0 46.666666666666664 46.666666666666664 0.0 0.0 1.0 
450 0.0 0.0 50.0 50.0 0.0 0.0 1.0 450 0.0 0.0 50.0 50.0 0.0 0.0 1.0 450 0.0 0.0 50.0 50.0 0.0 0.0 1.0 450 0.0 0.0 50.0 50.0 0.0 0.0 1.0 450 0.0 0.0 50.0 50.0 0.0 0.0 1.0 450 0.0 0.0 50.0 50.0 0.0 0.0 1.0 450 0.0 0.0 50.0 50.0 0.0 0.0 1.0 450 0.0 0.0 50.0 50.0 0.0 0.0 1.0 450 0.0 0.0 50.0 50.0 0.0 0.0 1.0 450 0.0 0.0 50.0 50.0 0.0 0.0 1.0 
480 0.0 0.0 53.333333333333336 53.333333333333336 0.0 0.0 1.0 480 0.0 0.0 53.333333333333336 53.333333333333336 0.0 0.0 1.0 480 0.0 0.0 53.333333333333336 53.333333333333336 0.0 0.0 1.0 480 0.0 0.0 53.333333333333336 53.333333333333336 0.0 0.0 1.0 480 0.0 0.0 53.333333333333336 53.333333333333336 0.0 0.0 1.0 480 0.0 0.0 53.333333333333336 53.333333333333336 0.0 0.0 1.0 480 0.0 0.0 53.333333333333336 53.333333333333336 0.0 0.0 1.0 480 0.0 0.0 53.333333333333336 53.333333333333336 0.0 0.0 1.0 480 0.0 0.0 53.333333333333336 53.333333333333336 0.0 0.0 1.0 480 0.0 0.0 53.333333333333336 53.333333333333336 0.0 0.0 1.0 
510 0.0 0.0 56.666666666666664 56.666666666666664 0.0 0.0 1.0 510 0.0 0.0 56.666666666666664 56.666666666666664 0.0 0.0 1.0 510 0.0 0.0 56.666666666666664 56.666666666666664 0.0 0.0 1.0 510 0.0 0.0 56.666666666666664 56.666666666666664 0.0 0.0 1.0 510 0.0 0.0 56.666666666666664 56.666666666666664 0.0 0.0 1.0 510 0.0 0.0 56.666666666666664 56.666666666666664 0.0 0.0 1.0 510 0.0 0.0 56.666666666666664 56.666666666666664 0.0 0.0 1.0 510 0.0 0.0 56.666666666666664 56.666666666666664 0.0 0.0 1.0 510 0.0 0.0 56.666666666666664 56.666666666666664 0.0 0.0 1.0 510 0.0 0.0 56.666666666666664 56.666666666666664 0.0 0.0 1.0 
540 0.0 0.0 60.0 60.0 0.0 0.0 1.0 540 0.0 0.0 60.0 60.0 0.0 0.0 1.0 540 0.0 0.0 60.0 60.0 0.0 0.0 1.0 540 0.0 0.0 60.0 60.0 0.0 0.0 1.0 540 0.0 0.0 60.0 60.0 0.0 0.0 1.0 540 0.0 0.0 60.0 60.0 0.0 0.0 1.0 540 0.0 0.0 60.0 60.0 0.0 0.0 1.0 540 0.0 0.0 60.0 60.0 0.0 0.0 1.0 540 0.0 0.0 60.0 60.0 0.0 0.0 1.0 540 0.0 0.0 60.0 60.0 0.0 0.0 1.0 
570 0.0 0.0 63.333333333333336 63.333333333333336 0.0 0.0 1.0 570 0.0 0.0 63.333333333333336 63.333333333333336 0.0 0.0 1.0 570 0.0 0.0 63.333333333333336 63.333333333333336 0.0 0.0 1.0 570 0.0 0.0 63.333333333333336 63.333333333333336 0.0 0.0 1.0 570 0.0 0.0 63.333333333333336 63.333333333333336 0.0 0.0 1.0 570 0.0 0.0 63.333333333333336 63.333333333333336 0.0 0.0 1.0 570 0.0 0.0 63.333333333333336 63.333333333333336 0.0 0.0 1.0 570 0.0 0.0 63.333333333333336 63.333333333333336 0.0 0.0 1.0 570 0.0 0.0 63.333333333333336 63.333333333333336 0.0 0.0 1.0 570 0.0 0.0 63.333333333333336 63.333333333333336 0.0 0.0 1.0 
600 0.0 0.0 66.66666666666667 66.66666666666667 0.0 0.0 1.0 600 0.0 0.0 66.66666666666667 66.66666666666667 0.0 0.0 1.0 600 0.0 0.0 66.66666666666667 66.66666666666667 0.0 0.0 1.0 600 0.0 0.0 66.66666666666667 66.66666666666667 0.0 0.0 1.0 600 0.0 0.0 66.66666666666667 66.66666666666667 0.0 0.0 1.0 600 0.0 0.0 66.66666666666667 66.66666666666667 0.0 0.0 1.0 600 0.0 0.0 66.66666666666667 66.66666666666667 0.0 0.0 1.0 600 0.0 0.0 66.66666666666667 66.66666666666667 0.0 0.0 1.0 600 0.0 0.0 66.66666666666667 66.66666666666667 0.0 0.0 1.0 600 0.0 0.0 66.66666666666667 66.66666666666667 0.0 0.0 1.0 
