16.0 16.0 30.0 30.0 21.0 21.0 18.0 18.0 18.0 18.0 12.0 12.0 13.0 13.0 58.0 58.0 16.0 16.0 16.0 16.0 
12.0 14.0 16.0 23.0 11.0 16.0 26.0 22.0 30.0 24.0 15.0 13.5 16.0 14.5 19.0 38.5 13.0 14.5 63.0 39.5 
20.0 16.0 30.0 25.333333333333332 37.0 23.0 13.0 19.0 24.0 24.0 15.0 14.0 14.0 14.333333333333334 20.0 32.333333333333336 26.0 18.333333333333332 19.0 32.666666666666664 
15.0 15.75 19.0 23.75 24.0 23.25 10.0 16.75 24.0 24.0 12.0 13.5 17.0 15.0 9.0 26.5 11.0 16.5 43.0 35.25 
35.0 19.6 33.0 25.6 14.0 21.4 19.0 17.2 31.0 25.4 12.0 13.2 23.0 16.6 32.0 27.6 20.0 17.2 12.0 30.6 
11.0 18.166666666666668 37.0 27.5 16.0 20.5 29.0 19.166666666666668 22.0 24.833333333333332 11.0 12.833333333333334 31.0 19.0 20.0 26.333333333333332 26.0 18.666666666666668 20.0 28.833333333333332 
9.0 16.857142857142858 16.0 25.857142857142858 51.0 24.857142857142858 22.0 19.571428571428573 20.0 24.142857142857142 14.0 13.0 11.0 17.857142857142858 23.0 25.857142857142858 22.0 19.142857142857142 48.0 31.571428571428573 
13.0 16.375 14.0 24.375 49.0 27.875 14.0 18.875 26.0 24.375 15.0 13.25 19.0 18.0 18.0 24.875 36.0 21.25 20.0 30.125 
10.0 15.666666666666666 14.0 23.22222222222222 23.0 27.333333333333332 14.0 18.333333333333332 21.0 24.0 26.0 14.666666666666666 60.0 22.666666666666668 41.0 26.666666666666668 18.0 20.88888888888889 10.0 27.88888888888889 
9.0 15.0 14.0 22.3 28.0 27.4 14.0 17.9 18.0 23.4 17.0 14.9 14.0 21.8 17.0 25.7 14.0 20.2 15.0 26.6 
37.0 17.0 23.0 22.363636363636363 37.0 28.272727272727273 34.0 19.363636363636363 13.0 22.454545454545453 20.0 15.363636363636363 13.0 21.0 17.0 24.90909090909091 15.0 19.727272727272727 20.0 26.0 
18.0 17.083333333333332 35.0 23.416666666666668 20.0 27.583333333333332 21.0 19.5 31.0 23.166666666666668 13.0 15.166666666666666 39.0 22.5 24.0 24.833333333333332 14.0 19.25 29.0 26.25 
14.0 16.846153846153847 21.0 23.23076923076923 23.0 27.23076923076923 40.0 21.076923076923077 28.0 23.53846153846154 20.0 15.538461538461538 14.0 21.846153846153847 13.0 23.923076923076923 17.0 19.076923076923077 12.0 25.153846153846153 
42.0 18.642857142857142 18.0 22.857142857142858 20.0 26.714285714285715 14.0 20.571428571428573 47.0 25.214285714285715 25.0 16.214285714285715 14.0 21.285714285714285 12.0 23.071428571428573 65.0 22.357142857142858 39.0 26.142857142857142 
13.0 18.266666666666666 37.0 23.8 20.0 26.266666666666666 72.0 24.0 47.0 26.666666666666668 27.0 16.933333333333334 13.0 20.733333333333334 12.0 22.333333333333332 15.0 21.866666666666667 31.0 26.466666666666665 
19.0 18.3125 9.0 22.875 14.0 25.5 20.0 23.75 13.0 25.8125 29.0 17.6875 20.0 20.6875 23.0 22.375 16.0 21.5 11.0 25.5 
37.0 19.41176470588235 10.0 22.11764705882353 15.0 24.88235294117647 13.0 23.11764705882353 20.0 25.470588235294116 23.0 18.0 23.0 20.823529411764707 20.0 22.235294117647058 12.0 20.941176470588236 13.0 24.764705882352942 
14.0 19.11111111111111 18.0 21.88888888888889 25.0 24.88888888888889 13.0 22.555555555555557 25.0 25.444444444444443 31.0 18.72222222222222 36.0 21.666666666666668 12.0 21.666666666666668 11.0 20.38888888888889 20.0 24.5 
14.0 18.842105263157894 12.0 21.36842105263158 12.0 24.210526315789473 16.0 22.210526315789473 30.0 25.68421052631579 23.0 18.94736842105263 12.0 21.157894736842106 16.0 21.36842105263158 20.0 20.36842105263158 13.0 23.894736842105264 
16.0 18.7 18.0 21.2 32.0 24.6 28.0 22.5 16.0 25.2 16.0 18.8 19.0 21.05 15.0 21.05 26.0 20.65 63.0 25.85 
16.0 18.571428571428573 14.0 20.857142857142858 16.0 24.19047619047619 37.0 23.19047619047619 23.0 25.095238095238095 17.0 18.714285714285715 25.0 21.238095238095237 23.0 21.142857142857142 15.0 20.38095238095238 23.0 25.714285714285715 
20.0 18.636363636363637 17.0 20.681818181818183 22.0 24.09090909090909 20.0 23.045454545454547 17.0 24.727272727272727 21.0 18.818181818181817 9.0 20.681818181818183 27.0 21.40909090909091 25.0 20.59090909090909 16.0 25.272727272727273 
13.0 18.391304347826086 19.0 20.608695652173914 10.0 23.47826086956522 15.0 22.695652173913043 20.0 24.52173913043478 41.0 19.782608695652176 24.0 20.82608695652174 15.0 21.130434782608695 14.0 20.304347826086957 19.0 25.0 
13.0 18.166666666666668 24.0 20.75 17.0 23.208333333333332 45.0 23.625 20.0 24.333333333333332 14.0 19.541666666666668 14.0 20.541666666666668 9.0 20.625 15.0 20.083333333333332 10.0 24.375 
19.0 18.2 11.0 20.36 15.0 22.88 30.0 23.88 33.0 24.68 14.0 19.32 24.0 20.68 25.0 20.8 27.0 20.36 15.0 24.0 
54.0 19.576923076923077 12.0 20.03846153846154 68.0 24.615384615384617 24.0 23.884615384615383 48.0 25.576923076923077 10.0 18.96153846153846 24.0 20.807692307692307 24.0 20.923076923076923 16.0 20.192307692307693 29.0 24.192307692307693 
42.0 20.40740740740741 26.0 20.25925925925926 11.0 24.11111111111111 31.0 24.14814814814815 31.0 25.77777777777778 21.0 19.037037037037038 18.0 20.703703703703702 8.0 20.444444444444443 18.0 20.11111111111111 13.0 23.77777777777778 
25.0 20.571428571428573 19.0 20.214285714285715 11.0 23.642857142857142 12.0 23.714285714285715 24.0 25.714285714285715 13.0 18.821428571428573 15.0 20.5 9.0 20.035714285714285 16.0 19.964285714285715 16.0 23.5 
24.0 20.689655172413794 10.0 19.862068965517242 20.0 23.517241379310345 36.0 24.137931034482758 13.0 25.275862068965516 52.0 19.96551724137931 18.0 20.413793103448278 23.0 20.137931034482758 36.0 20.517241379310345 15.0 23.20689655172414 
22.0 20.733333333333334 47.0 20.766666666666666 18.0 23.333333333333332 32.0 24.4 37.0 25.666666666666668 14.0 19.766666666666666 11.0 20.1 13.0 19.9 23.0 20.6 20.0 23.1 
50.0 21.677419354838708 45.0 21.548387096774192 16.0 23.096774193548388 18.0 24.193548387096776 33.0 25.903225806451612 20.0 19.774193548387096 17.0 20.0 20.0 19.903225806451612 13.0 20.35483870967742 14.0 22.806451612903224 
36.0 22.125 48.0 22.375 11.0 22.71875 14.0 23.875 42.0 26.40625 19.0 19.75 28.0 20.25 10.0 19.59375 19.0 20.3125 30.0 23.03125 
17.0 21.96969696969697 16.0 22.181818181818183 23.0 22.727272727272727 12.0 23.515151515151516 29.0 26.484848484848484 8.0 19.393939393939394 17.0 20.151515151515152 18.0 19.545454545454547 17.0 20.21212121212121 12.0 22.696969696969695 
20.0 21.91176470588235 16.0 22.0 25.0 22.794117647058822 19.0 23.38235294117647 16.0 26.176470588235293 16.0 19.294117647058822 14.0 19.970588235294116 10.0 19.264705882352942 14.0 20.029411764705884 18.0 22.558823529411764 
14.0 21.685714285714287 15.0 21.8 25.0 22.857142857142858 22.0 23.34285714285714 67.0 27.34285714285714 13.0 19.114285714285714 18.0 19.914285714285715 23.0 19.37142857142857 17.0 19.942857142857143 13.0 22.285714285714285 
19.0 21.61111111111111 36.0 22.194444444444443 18.0 22.72222222222222 41.0 23.833333333333332 40.0 27.694444444444443 14.0 18.97222222222222 23.0 20.0 9.0 19.083333333333332 37.0 20.416666666666668 44.0 22.88888888888889 
20.0 21.56756756756757 16.0 22.027027027027028 30.0 22.91891891891892 42.0 24.324324324324323 24.0 27.594594594594593 15.0 18.864864864864863 14.0 19.83783783783784 13.0 18.91891891891892 18.0 20.35135135135135 15.0 22.675675675675677 
13.0 21.342105263157894 28.0 22.18421052631579 16.0 22.736842105263158 33.0 24.55263157894737 30.0 27.657894736842106 15.0 18.763157894736842 15.0 19.710526315789473 23.0 19.026315789473685 23.0 20.42105263157895 12.0 22.394736842105264 
34.0 21.666666666666668 13.0 21.94871794871795 17.0 22.58974358974359 22.0 24.487179487179485 77.0 28.923076923076923 14.0 18.641025641025642 24.0 19.82051282051282 27.0 19.23076923076923 15.0 20.28205128205128 16.0 22.23076923076923 
30.0 21.875 17.0 21.825 15.0 22.4 12.0 24.175 56.0 29.6 17.0 18.6 27.0 20.0 13.0 19.075 13.0 20.1 56.0 23.075 
20.0 21.829268292682926 18.0 21.73170731707317 11.0 22.121951219512194 21.0 24.097560975609756 55.0 30.21951219512195 13.0 18.463414634146343 14.0 19.853658536585368 9.0 18.829268292682926 17.0 20.024390243902438 14.0 22.853658536585368 
36.0 22.166666666666668 21.0 21.714285714285715 22.0 22.11904761904762 24.0 24.095238095238095 37.0 30.38095238095238 13.0 18.333333333333332 11.0 19.642857142857142 10.0 18.61904761904762 9.0 19.761904761904763 19.0 22.761904761904763 
10.0 21.88372093023256 13.0 21.511627906976745 19.0 22.046511627906977 39.0 24.441860465116278 57.0 31.0 12.0 18.186046511627907 18.0 19.6046511627907 12.0 18.46511627906977 10.0 19.53488372093023 20.0 22.697674418604652 
26.0 21.977272727272727 10.0 21.25 12.0 21.818181818181817 17.0 24.272727272727273 47.0 31.363636363636363 12.0 18.045454545454547 9.0 19.363636363636363 8.0 18.227272727272727 13.0 19.386363636363637 20.0 22.636363636363637 
33.0 22.22222222222222 13.0 21.066666666666666 22.0 21.822222222222223 20.0 24.177777777777777 64.0 32.08888888888889 20.0 18.08888888888889 17.0 19.31111111111111 31.0 18.511111111111113 13.0 19.244444444444444 11.0 22.377777777777776 
14.0 22.043478260869566 14.0 20.91304347826087 21.0 21.804347826086957 30.0 24.304347826086957 68.0 32.869565217391305 19.0 18.108695652173914 13.0 19.17391304347826 17.0 18.47826086956522 12.0 19.08695652173913 24.0 22.41304347826087 
10.0 21.78723404255319 16.0 20.80851063829787 15.0 21.659574468085108 30.0 24.425531914893618 73.0 33.723404255319146 20.0 18.148936170212767 13.0 19.04255319148936 15.0 18.404255319148938 12.0 18.93617021276596 17.0 22.29787234042553 
18.0 21.708333333333332 10.0 20.583333333333332 19.0 21.604166666666668 32.0 24.583333333333332 33.0 33.708333333333336 11.0 18.0 17.0 19.0 16.0 18.354166666666668 15.0 18.854166666666668 33.0 22.520833333333332 
10.0 21.46938775510204 17.0 20.510204081632654 14.0 21.448979591836736 12.0 24.3265306122449 56.0 34.16326530612245 13.0 17.897959183673468 11.0 18.836734693877553 9.0 18.163265306122447 15.0 18.775510204081634 17.0 22.408163265306122 
32.0 21.68 37.0 20.84 19.0 21.4 13.0 24.1 60.0 34.68 18.0 17.9 10.0 18.66 11.0 18.02 9.0 18.58 55.0 23.06 
41.0 22.18 16.0 20.56 38.0 21.74 33.0 24.4 45.0 35.22 10.0 17.86 15.0 18.7 38.0 17.62 11.0 18.48 15.0 23.04 
27.0 22.48 12.0 20.48 14.0 21.8 30.0 24.48 98.0 36.58 23.0 18.02 22.0 18.82 15.0 17.54 26.0 18.74 10.0 21.98 
34.0 22.76 15.0 20.18 14.0 21.34 22.0 24.66 105.0 38.2 16.0 18.04 20.0 18.94 14.0 17.42 9.0 18.4 53.0 22.66 
44.0 23.34 26.0 20.32 18.0 21.22 19.0 24.84 147.0 40.66 37.0 18.54 17.0 18.94 10.0 17.44 14.0 18.46 25.0 22.3 
73.0 24.1 28.0 20.22 16.0 21.26 13.0 24.72 50.0 41.04 32.0 18.94 18.0 18.84 14.0 17.08 11.0 18.28 11.0 22.28 
22.0 24.32 15.0 19.78 13.0 21.2 11.0 24.36 85.0 42.3 16.0 19.04 17.0 18.56 11.0 16.9 15.0 18.06 9.0 22.06 
26.0 24.66 20.0 19.86 23.0 20.64 51.0 24.94 39.0 42.68 57.0 19.9 18.0 18.7 10.0 16.64 12.0 17.86 11.0 21.32 
45.0 25.3 12.0 19.82 23.0 20.12 17.0 25.0 65.0 43.46 16.0 19.92 13.0 18.58 16.0 16.6 14.0 17.42 10.0 21.12 
14.0 25.38 16.0 19.86 10.0 19.86 14.0 25.0 80.0 44.64 12.0 19.64 19.0 17.76 43.0 16.64 11.0 17.28 21.0 21.34 
76.0 26.72 16.0 19.9 12.0 19.54 21.0 25.14 200.0 48.28 25.0 19.8 16.0 17.8 12.0 16.54 26.0 17.52 12.0 21.28 
43.0 26.84 8.0 19.6 17.0 19.14 29.0 25.04 67.0 49.36 13.0 19.66 11.0 17.76 12.0 16.44 15.0 17.52 15.0 21.18 
14.0 26.76 27.0 19.44 12.0 18.98 11.0 24.84 87.0 50.48 12.0 19.64 11.0 17.2 18.0 16.32 21.0 17.66 11.0 20.82 
27.0 27.02 14.0 19.3 12.0 18.76 17.0 24.38 59.0 51.1 8.0 19.4 15.0 17.22 8.0 16.22 12.0 17.56 10.0 20.78 
15.0 26.48 14.0 19.22 15.0 18.66 14.0 24.38 139.0 52.94 17.0 19.24 25.0 17.44 13.0 16.24 10.0 16.46 13.0 20.26 
57.0 27.36 34.0 19.16 17.0 18.6 54.0 24.02 36.0 52.72 17.0 19.04 32.0 17.82 14.0 16.28 9.0 16.34 22.0 20.08 
31.0 27.6 12.0 19.22 29.0 18.9 40.0 24.42 144.0 55.34 9.0 18.64 10.0 17.62 13.0 16.08 12.0 16.26 18.0 20.22 
26.0 27.38 18.0 19.38 11.0 18.82 23.0 24.62 119.0 57.32 10.0 18.38 19.0 17.54 14.0 15.96 13.0 16.28 12.0 20.2 
31.0 27.72 31.0 19.64 12.0 18.56 50.0 25.36 98.0 58.78 18.0 18.12 13.0 17.08 11.0 15.94 14.0 16.34 12.0 20.04 
33.0 28.1 21.0 19.82 11.0 18.54 128.0 27.6 107.0 60.32 16.0 17.98 12.0 17.08 13.0 15.88 10.0 16.14 14.0 20.06 
32.0 28.42 24.0 19.94 13.0 18.16 22.0 27.48 52.0 61.04 25.0 18.16 11.0 16.92 13.0 15.84 23.0 16.08 10.0 19.0 
35.0 28.8 10.0 19.86 11.0 18.06 70.0 28.14 169.0 63.96 9.0 18.0 24.0 16.9 12.0 15.62 10.0 15.98 20.0 18.94 
76.0 29.92 30.0 20.12 12.0 17.86 58.0 28.9 125.0 66.12 16.0 17.9 11.0 16.94 11.0 15.3 20.0 15.88 12.0 18.86 
31.0 30.28 14.0 20.02 13.0 17.92 10.0 28.8 144.0 68.6 17.0 17.42 10.0 16.66 11.0 15.22 13.0 15.86 17.0 18.82 
32.0 30.66 29.0 20.12 19.0 17.96 24.0 28.38 68.0 69.56 21.0 17.56 22.0 16.82 10.0 15.24 9.0 15.74 11.0 18.84 
53.0 31.34 16.0 20.22 22.0 18.1 41.0 28.6 62.0 70.14 12.0 17.52 13.0 16.6 9.0 14.92 10.0 15.4 19.0 18.92 
33.0 30.92 33.0 20.64 9.0 16.92 31.0 28.74 156.0 72.3 12.0 17.56 12.0 16.36 20.0 14.84 12.0 15.32 10.0 18.54 
39.0 30.86 21.0 20.54 16.0 17.02 54.0 29.2 188.0 75.44 11.0 17.36 9.0 16.18 9.0 14.86 13.0 15.22 10.0 18.48 
19.0 30.74 10.0 20.36 12.0 17.04 58.0 30.12 85.0 76.66 10.0 17.3 9.0 16.06 13.0 14.94 25.0 15.4 14.0 18.44 
63.0 31.52 19.0 20.54 17.0 16.98 20.0 29.8 85.0 78.1 17.0 16.6 13.0 15.96 13.0 14.74 9.0 14.86 10.0 18.34 
25.0 31.58 14.0 19.88 10.0 16.82 22.0 29.6 59.0 78.54 14.0 16.6 11.0 15.96 12.0 14.72 14.0 14.68 9.0 18.12 
45.0 31.48 17.0 19.32 13.0 16.76 11.0 29.46 203.0 81.94 24.0 16.68 20.0 16.02 16.0 14.64 12.0 14.66 12.0 18.08 
32.0 31.4 15.0 18.66 17.0 16.88 31.0 29.8 71.0 82.52 12.0 16.54 10.0 15.66 17.0 14.78 10.0 14.48 13.0 17.74 
88.0 32.82 29.0 18.92 17.0 16.76 51.0 30.58 51.0 82.96 9.0 16.56 12.0 15.56 11.0 14.64 9.0 14.32 14.0 17.78 
71.0 33.84 17.0 18.94 15.0 16.56 91.0 32.02 96.0 84.56 9.0 16.42 11.0 15.5 10.0 14.64 18.0 14.4 11.0 17.64 
85.0 35.26 17.0 18.98 10.0 16.26 26.0 32.1 118.0 85.58 11.0 16.38 15.0 15.44 40.0 14.98 12.0 14.3 11.0 17.6 
111.0 37.1 24.0 18.74 22.0 16.34 64.0 32.56 38.0 85.54 11.0 16.32 9.0 15.16 19.0 15.18 13.0 13.82 12.0 16.96 
13.0 36.96 15.0 18.72 11.0 15.96 35.0 32.42 92.0 86.9 16.0 16.34 12.0 15.12 15.0 15.22 21.0 13.88 10.0 16.86 
59.0 37.88 13.0 18.42 9.0 15.82 100.0 33.76 127.0 88.84 9.0 16.22 11.0 15.04 9.0 14.94 10.0 13.62 10.0 16.82 
62.0 38.44 17.0 18.5 14.0 15.76 23.0 33.78 89.0 89.08 10.0 16.14 9.0 14.74 11.0 14.62 10.0 13.52 11.0 16.72 
75.0 39.34 22.0 18.6 12.0 15.7 87.0 35.28 248.0 92.92 12.0 16.04 14.0 14.48 8.0 14.52 12.0 13.5 11.0 15.82 
23.0 39.4 18.0 18.6 10.0 15.68 92.0 36.7 98.0 93.78 8.0 15.94 15.0 14.5 9.0 14.52 19.0 13.54 13.0 15.8 
99.0 40.66 17.0 18.52 11.0 15.46 32.0 36.86 124.0 95.52 9.0 15.86 14.0 14.56 11.0 14.54 11.0 13.58 11.0 15.64 
139.0 43.24 21.0 18.68 11.0 15.3 45.0 36.98 61.0 95.6 15.0 15.92 11.0 14.42 9.0 14.48 18.0 13.74 10.0 15.44 
77.0 44.26 12.0 18.72 12.0 15.3 49.0 37.62 69.0 96.04 9.0 15.86 11.0 14.46 9.0 14.5 15.0 13.78 9.0 15.22 
69.0 44.98 50.0 19.46 13.0 15.12 30.0 37.82 75.0 96.26 10.0 15.66 12.0 14.36 11.0 14.1 12.0 13.76 9.0 15.18 
180.0 48.3 11.0 19.4 18.0 15.06 29.0 37.8 46.0 95.82 33.0 15.94 11.0 14.32 10.0 13.96 13.0 13.78 10.0 14.9 
61.0 49.32 12.0 19.32 14.0 15.04 40.0 38.0 41.0 95.18 9.0 15.72 13.0 14.32 11.0 13.88 13.0 13.8 13.0 14.82 
177.0 52.5 12.0 19.36 12.0 14.9 36.0 38.08 93.0 96.38 20.0 15.9 10.0 14.18 11.0 13.78 12.0 13.74 13.0 14.42 
104.0 54.38 17.0 19.36 11.0 14.84 42.0 38.68 21.0 95.68 13.0 15.9 10.0 14.16 22.0 14.04 17.0 13.78 9.0 14.26 
111.0 55.96 20.0 19.02 11.0 14.68 55.0 39.52 145.0 97.38 8.0 15.7 12.0 14.2 12.0 14.06 10.0 13.8 12.0 13.4 
104.0 57.22 15.0 19.0 11.0 14.14 53.0 39.92 117.0 98.82 21.0 15.92 12.0 14.14 9.0 13.48 13.0 13.84 10.0 13.3 
73.0 58.14 18.0 19.12 14.0 14.14 65.0 40.62 173.0 100.32 18.0 15.82 31.0 14.32 9.0 13.36 17.0 13.66 9.0 13.28 
138.0 60.22 10.0 19.02 9.0 14.04 45.0 41.08 85.0 99.92 11.0 15.72 15.0 14.22 10.0 13.28 15.0 13.78 12.0 12.46 
58.0 60.5 30.0 19.1 9.0 13.86 92.0 42.54 196.0 100.9 12.0 15.22 9.0 14.06 8.0 13.24 13.0 13.76 11.0 12.18 
88.0 60.8 20.0 18.94 10.0 13.74 16.0 42.6 193.0 103.76 8.0 14.74 11.0 13.92 10.0 13.16 12.0 13.78 10.0 12.16 
83.0 62.02 14.0 18.92 9.0 13.66 81.0 44.0 123.0 104.52 8.0 14.58 15.0 13.88 14.0 13.22 13.0 13.74 14.0 12.26 
28.0 62.06 30.0 19.12 14.0 13.48 27.0 43.52 210.0 107.94 8.0 13.6 9.0 13.7 9.0 13.2 12.0 13.74 12.0 12.28 
112.0 63.4 33.0 19.54 10.0 13.22 44.0 44.06 145.0 109.54 10.0 13.48 10.0 13.64 11.0 13.1 14.0 13.74 9.0 12.26 
37.0 63.86 16.0 19.54 9.0 13.2 55.0 44.88 204.0 112.02 14.0 13.52 11.0 13.48 12.0 12.48 15.0 13.82 9.0 12.02 
28.0 62.9 34.0 19.9 9.0 13.14 144.0 47.34 61.0 109.24 19.0 13.4 9.0 13.34 9.0 12.42 12.0 13.54 10.0 11.98 
105.0 64.14 12.0 19.98 12.0 13.04 20.0 47.16 190.0 111.7 18.0 13.5 12.0 13.36 10.0 12.38 11.0 13.46 10.0 11.88 
158.0 67.02 36.0 20.16 14.0 13.08 38.0 47.7 260.0 115.16 11.0 13.48 13.0 13.4 12.0 12.26 17.0 13.38 9.0 11.84 
177.0 70.02 33.0 20.54 13.0 13.1 43.0 48.22 204.0 118.06 9.0 13.5 30.0 13.7 11.0 12.32 18.0 13.5 14.0 11.92 
91.0 71.54 41.0 21.08 16.0 13.12 80.0 49.54 113.0 117.54 10.0 13.36 12.0 13.44 10.0 12.26 13.0 13.56 8.0 11.82 
139.0 73.18 12.0 20.64 11.0 13.0 74.0 49.94 259.0 122.0 13.0 13.28 13.0 13.06 10.0 12.18 13.0 13.64 13.0 11.64 
58.0 73.72 15.0 20.7 13.0 12.68 27.0 49.68 166.0 122.44 10.0 13.3 10.0 13.06 9.0 12.1 12.0 13.64 10.0 11.48 
19.0 73.58 10.0 20.54 8.0 12.62 98.0 51.18 230.0 124.66 18.0 13.46 9.0 12.86 10.0 12.02 12.0 13.62 15.0 11.54 
76.0 74.48 21.0 20.34 11.0 12.6 57.0 51.32 233.0 127.36 9.0 13.28 9.0 12.78 10.0 12.0 8.0 13.5 9.0 11.48 
161.0 77.04 17.0 20.26 9.0 12.56 69.0 50.14 192.0 129.06 10.0 13.16 12.0 12.78 10.0 11.94 14.0 13.58 19.0 11.58 
56.0 77.52 34.0 20.46 9.0 12.48 64.0 50.98 141.0 130.84 14.0 12.94 11.0 12.78 11.0 11.9 13.0 13.38 9.0 11.56 
82.0 78.46 19.0 20.64 15.0 12.56 119.0 51.96 251.0 132.48 10.0 12.96 11.0 12.52 12.0 11.9 12.0 13.42 12.0 11.4 
94.0 78.82 82.0 21.68 13.0 12.58 77.0 52.34 246.0 134.9 10.0 12.84 11.0 12.52 10.0 11.88 24.0 13.5 13.0 11.42 
175.0 81.7 27.0 21.94 11.0 12.54 34.0 52.82 131.0 134.64 13.0 12.76 10.0 12.52 10.0 11.86 11.0 13.46 8.0 11.24 
18.0 81.42 11.0 21.58 12.0 12.4 95.0 54.24 132.0 135.92 8.0 12.5 14.0 12.36 11.0 11.88 15.0 13.58 9.0 11.2 
78.0 81.92 11.0 21.48 9.0 12.14 69.0 54.8 125.0 137.18 10.0 12.46 14.0 12.38 9.0 11.88 31.0 14.0 18.0 11.18 
43.0 82.12 36.0 21.54 9.0 12.14 16.0 54.5 224.0 138.54 9.0 12.4 10.0 12.34 11.0 11.7 18.0 14.12 12.0 11.22 
40.0 82.14 31.0 21.74 11.0 12.04 70.0 54.82 255.0 139.88 9.0 12.36 13.0 12.42 11.0 11.74 13.0 14.12 18.0 11.38 
109.0 83.94 37.0 22.28 10.0 12.0 117.0 56.0 294.0 144.06 13.0 12.42 35.0 12.94 8.0 11.64 21.0 14.04 10.0 11.3 
155.0 85.78 14.0 22.18 8.0 11.82 42.0 56.44 106.0 144.48 8.0 12.24 10.0 12.88 11.0 11.6 12.0 14.1 9.0 11.28 
135.0 87.98 22.0 22.34 10.0 11.82 51.0 57.02 205.0 147.4 10.0 12.16 12.0 12.9 9.0 11.54 16.0 14.14 18.0 11.46 
20.0 87.48 12.0 22.24 12.0 11.8 114.0 59.08 90.0 145.14 10.0 11.88 12.0 12.74 8.0 11.38 14.0 14.18 11.0 11.44 
132.0 89.48 24.0 22.42 8.0 11.62 122.0 60.9 239.0 148.5 11.0 11.86 9.0 12.72 13.0 11.3 21.0 14.4 15.0 11.48 
21.0 88.14 32.0 22.48 9.0 11.46 56.0 61.0 258.0 152.64 11.0 11.9 9.0 12.66 11.0 11.3 13.0 14.48 9.0 11.38 
69.0 88.1 57.0 23.28 10.0 11.36 301.0 65.2 194.0 154.6 15.0 12.02 11.0 12.66 11.0 11.32 14.0 14.4 10.0 11.36 
67.0 87.74 31.0 23.56 9.0 11.34 132.0 67.32 296.0 158.16 15.0 12.1 10.0 12.56 10.0 10.72 12.0 14.4 11.0 11.36 
18.0 85.88 17.0 23.42 10.0 11.1 129.0 68.62 210.0 161.6 14.0 12.16 15.0 12.68 10.0 10.54 13.0 14.4 11.0 11.34 
230.0 90.22 13.0 23.38 12.0 11.12 56.0 69.04 217.0 164.1 10.0 12.04 10.0 12.64 10.0 10.44 32.0 14.62 9.0 11.32 
76.0 90.56 38.0 23.88 9.0 11.12 115.0 69.34 221.0 165.98 12.0 12.1 12.0 12.66 9.0 10.44 24.0 14.9 8.0 11.28 
36.0 90.04 20.0 23.94 8.0 11.0 49.0 69.86 75.0 165.7 12.0 12.14 9.0 12.66 10.0 10.42 12.0 14.94 10.0 11.26 
36.0 89.26 27.0 24.04 11.0 10.98 52.0 69.16 119.0 163.12 9.0 12.08 10.0 12.58 9.0 10.44 17.0 15.04 22.0 11.48 
19.0 89.18 18.0 24.04 12.0 11.02 14.0 67.6 105.0 163.26 12.0 12.16 12.0 12.52 10.0 10.46 9.0 14.84 17.0 11.56 
28.0 87.76 15.0 24.0 12.0 11.04 142.0 69.8 92.0 162.62 10.0 12.18 13.0 12.5 10.0 10.44 16.0 14.94 12.0 11.58 
135.0 87.68 15.0 23.88 9.0 11.0 79.0 70.48 100.0 163.4 10.0 12.08 12.0 12.52 10.0 10.46 17.0 14.92 10.0 11.58 
89.0 87.92 30.0 24.24 11.0 10.98 172.0 72.94 68.0 163.38 10.0 12.1 12.0 12.54 10.0 10.48 11.0 14.84 13.0 11.66 
141.0 89.36 23.0 23.7 10.0 10.92 74.0 73.82 71.0 163.3 19.0 12.28 13.0 12.56 10.0 10.46 17.0 14.94 12.0 11.72 
58.0 86.92 29.0 24.06 10.0 10.76 68.0 74.6 89.0 164.16 10.0 11.82 14.0 12.62 9.0 10.44 12.0 14.92 10.0 11.72 
38.0 86.46 23.0 24.28 8.0 10.64 471.0 83.22 88.0 165.1 15.0 11.94 9.0 12.54 11.0 10.44 20.0 15.06 10.0 11.66 
50.0 83.92 18.0 24.4 9.0 10.58 128.0 85.06 90.0 165.04 10.0 11.74 10.0 12.54 11.0 10.44 20.0 15.22 10.0 11.6 
34.0 82.52 33.0 24.72 10.0 10.56 197.0 88.16 41.0 165.44 14.0 11.76 8.0 12.5 9.0 10.18 11.0 15.1 22.0 11.86 
168.0 83.66 36.0 25.04 15.0 10.64 181.0 90.68 72.0 163.98 8.0 11.76 11.0 12.48 9.0 10.12 17.0 15.24 15.0 11.92 
130.0 84.18 13.0 25.0 10.0 10.62 153.0 92.68 52.0 162.68 10.0 11.54 8.0 12.4 13.0 10.2 14.0 15.26 12.0 11.96 
126.0 85.24 39.0 25.42 9.0 10.52 169.0 94.76 91.0 161.04 12.0 11.42 10.0 11.98 10.0 10.22 14.0 15.2 35.0 12.48 
85.0 84.18 13.0 25.48 10.0 10.54 156.0 96.98 87.0 161.08 17.0 11.54 11.0 11.9 10.0 10.22 16.0 15.22 9.0 12.42 
146.0 85.94 18.0 25.24 9.0 10.54 109.0 97.32 64.0 158.44 10.0 11.5 9.0 11.9 10.0 10.26 17.0 15.3 11.0 12.42 
130.0 86.78 10.0 25.04 10.0 10.54 157.0 100.14 57.0 155.72 11.0 11.56 13.0 11.94 9.0 10.24 13.0 15.32 19.0 12.6 
135.0 87.82 35.0 25.46 10.0 10.56 191.0 102.34 66.0 154.58 9.0 11.58 8.0 11.8 10.0 10.16 18.0 15.42 18.0 12.68 
133.0 89.92 14.0 25.14 10.0 10.48 178.0 105.36 37.0 151.12 11.0 11.64 9.0 11.8 9.0 10.16 12.0 15.42 21.0 12.86 
315.0 93.98 26.0 25.0 9.0 10.46 181.0 108.1 60.0 149.42 10.0 11.64 9.0 11.78 10.0 10.14 16.0 15.46 10.0 12.88 
196.0 97.16 27.0 25.22 10.0 10.48 64.0 108.28 63.0 146.6 10.0 11.56 8.0 11.72 13.0 10.16 17.0 15.5 17.0 13.04 
207.0 100.74 26.0 25.06 11.0 10.52 99.0 107.38 78.0 146.94 11.0 11.4 9.0 11.72 10.0 10.18 17.0 15.6 11.0 13.06 
170.0 102.04 43.0 25.68 10.0 10.48 216.0 111.3 54.0 144.22 8.0 11.2 9.0 11.66 10.0 10.18 16.0 15.7 10.0 13.06 
412.0 107.12 20.0 25.36 11.0 10.42 213.0 114.8 69.0 140.4 10.0 11.18 8.0 11.56 10.0 10.14 18.0 15.72 11.0 13.1 
256.0 108.7 70.0 26.1 9.0 10.34 325.0 120.44 55.0 137.42 11.0 11.22 10.0 11.16 11.0 10.14 17.0 15.7 10.0 13.02 
266.0 112.2 31.0 25.9 9.0 10.2 235.0 123.54 47.0 136.1 10.0 11.22 12.0 11.16 10.0 10.14 24.0 15.92 18.0 13.22 
71.0 110.84 36.0 26.38 11.0 10.2 180.0 125.66 66.0 132.24 14.0 11.24 10.0 11.1 12.0 10.18 19.0 16.04 33.0 13.62 
186.0 113.4 30.0 26.68 11.0 10.16 93.0 126.98 60.0 130.12 9.0 11.22 15.0 11.2 11.0 10.22 24.0 16.28 9.0 13.6 
207.0 117.16 71.0 27.9 9.0 10.18 249.0 130.0 85.0 127.22 14.0 11.14 10.0 11.22 10.0 10.22 15.0 16.34 11.0 13.52 
283.0 121.3 11.0 27.7 10.0 10.16 75.0 130.36 54.0 123.64 14.0 11.24 12.0 11.28 10.0 10.22 12.0 16.42 11.0 13.56 
82.0 119.72 42.0 28.2 8.0 10.14 89.0 130.76 61.0 121.02 9.0 11.22 10.0 11.24 10.0 10.22 18.0 16.5 16.0 13.5 
365.0 125.9 19.0 27.9 10.0 10.16 114.0 131.76 50.0 119.2 9.0 11.12 9.0 11.2 9.0 10.18 15.0 16.54 14.0 13.6 
288.0 130.02 28.0 28.08 8.0 10.02 135.0 132.08 73.0 115.64 14.0 11.2 9.0 11.16 13.0 10.2 21.0 16.72 11.0 13.58 
253.0 133.2 13.0 26.7 10.0 9.96 147.0 133.48 213.0 114.98 9.0 11.18 8.0 11.1 11.0 10.22 20.0 16.64 12.0 13.56 
192.0 133.54 31.0 26.78 9.0 9.92 309.0 138.98 57.0 113.5 10.0 11.12 10.0 11.1 10.0 10.22 13.0 16.68 17.0 13.74 
230.0 137.78 26.0 27.08 10.0 9.88 106.0 139.2 77.0 112.4 8.0 11.12 9.0 11.0 10.0 10.2 14.0 16.66 10.0 13.76 
188.0 139.98 18.0 27.22 12.0 9.94 80.0 139.42 50.0 110.9 11.0 11.14 9.0 10.9 10.0 10.22 12.0 16.28 11.0 13.62 
210.0 143.32 16.0 26.82 10.0 9.96 92.0 140.94 158.0 109.58 8.0 11.12 8.0 10.86 10.0 10.2 17.0 16.26 16.0 13.7 
171.0 145.94 13.0 26.46 10.0 9.94 38.0 140.3 413.0 112.74 17.0 11.28 9.0 10.78 9.0 10.16 12.0 16.24 13.0 13.6 
181.0 147.38 47.0 26.66 9.0 9.92 155.0 141.06 72.0 108.3 11.0 11.24 11.0 10.3 9.0 10.18 12.0 16.06 13.0 13.66 
102.0 146.32 17.0 26.72 9.0 9.94 111.0 142.44 254.0 111.26 12.0 11.32 10.0 10.3 9.0 10.14 20.0 16.22 12.0 13.72 
60.0 144.82 38.0 27.04 9.0 9.92 66.0 142.74 92.0 109.0 10.0 11.32 9.0 10.24 10.0 10.16 12.0 16.14 10.0 13.56 
181.0 148.04 38.0 27.56 9.0 9.86 111.0 142.68 184.0 110.88 14.0 11.4 9.0 10.18 9.0 10.18 13.0 16.12 10.0 13.54 
260.0 150.6 24.0 27.56 10.0 9.9 89.0 142.02 101.0 108.12 10.0 11.38 10.0 10.2 9.0 10.1 22.0 16.14 26.0 13.76 
256.0 155.3 15.0 27.22 13.0 9.98 23.0 141.36 133.0 105.62 10.0 11.36 9.0 10.2 8.0 10.04 19.0 16.26 17.0 13.92 
201.0 157.94 53.0 27.14 9.0 9.96 142.0 138.18 248.0 106.7 9.0 11.24 8.0 10.14 12.0 10.06 18.0 16.34 13.0 13.98 
198.0 160.56 31.0 27.14 9.0 9.96 204.0 139.62 153.0 103.84 9.0 11.12 14.0 10.22 10.0 10.06 21.0 16.52 13.0 14.02 
210.0 164.4 24.0 27.28 9.0 9.94 39.0 137.82 183.0 103.3 10.0 11.04 12.0 10.16 10.0 10.06 16.0 16.58 15.0 14.1 
88.0 161.56 13.0 27.28 9.0 9.88 108.0 138.86 241.0 103.78 8.0 11.0 9.0 10.14 9.0 10.04 11.0 16.16 10.0 14.12 
174.0 163.52 21.0 26.94 9.0 9.88 126.0 139.08 343.0 106.22 9.0 10.94 8.0 10.06 10.0 10.06 10.0 15.88 12.0 14.2 
261.0 168.02 22.0 26.98 10.0 9.92 72.0 139.54 191.0 108.54 10.0 10.9 10.0 10.08 9.0 10.04 18.0 16.0 9.0 14.18 
233.0 171.96 36.0 27.16 9.0 9.88 37.0 139.24 129.0 108.74 9.0 10.9 9.0 10.06 9.0 10.04 15.0 15.96 9.0 13.92 
298.0 177.54 20.0 27.2 9.0 9.82 192.0 142.8 169.0 110.02 9.0 10.84 10.0 10.02 10.0 10.04 23.0 16.24 11.0 13.8 
405.0 185.08 46.0 27.82 10.0 9.78 101.0 141.98 140.0 110.98 11.0 10.86 10.0 9.96 10.0 10.04 22.0 16.36 14.0 13.84 
338.0 189.14 27.0 28.06 11.0 9.82 195.0 144.3 266.0 114.3 18.0 11.02 9.0 9.9 9.0 10.02 20.0 16.42 10.0 13.84 
332.0 194.0 11.0 27.68 10.0 9.8 375.0 148.36 160.0 116.14 15.0 11.12 9.0 9.84 10.0 10.02 18.0 16.56 16.0 13.9 
437.0 199.92 49.0 28.2 10.0 9.8 62.0 148.12 489.0 124.5 9.0 10.92 10.0 9.78 9.0 10.0 19.0 16.6 11.0 13.88 
195.0 202.66 13.0 27.88 9.0 9.78 472.0 156.2 110.0 124.92 9.0 10.9 10.0 9.7 10.0 10.02 14.0 16.64 11.0 13.9 
225.0 206.4 20.0 27.82 9.0 9.8 207.0 150.92 89.0 124.94 10.0 10.8 9.0 9.7 11.0 10.02 19.0 16.62 32.0 14.34 
452.0 214.44 47.0 28.4 8.0 9.78 169.0 151.74 99.0 125.12 9.0 10.78 11.0 9.72 9.0 9.98 24.0 16.7 11.0 14.36 
363.0 221.02 32.0 28.38 9.0 9.76 206.0 151.92 95.0 126.2 9.0 10.68 8.0 9.72 9.0 9.98 20.0 16.88 14.0 14.2 
183.0 221.32 20.0 28.06 9.0 9.64 225.0 152.8 87.0 126.5 9.0 10.7 10.0 9.7 10.0 10.0 13.0 16.8 10.0 14.1 
196.0 222.64 38.0 28.56 10.0 9.64 399.0 157.72 131.0 128.08 10.0 10.7 9.0 9.72 10.0 9.94 18.0 16.88 15.0 14.16 
153.0 223.18 15.0 28.08 9.0 9.64 171.0 157.76 59.0 127.44 9.0 10.64 9.0 9.7 9.0 9.92 13.0 16.86 21.0 13.88 
136.0 224.2 25.0 28.32 9.0 9.62 151.0 157.66 158.0 128.86 10.0 10.5 10.0 9.68 9.0 9.9 15.0 16.84 12.0 13.94 
168.0 224.64 34.0 28.64 9.0 9.62 182.0 159.12 86.0 129.3 12.0 10.54 12.0 9.74 10.0 9.9 17.0 16.84 15.0 14.02 
183.0 225.7 51.0 29.46 9.0 9.6 137.0 158.72 78.0 129.72 11.0 10.54 9.0 9.66 9.0 9.9 14.0 16.86 19.0 14.02 
230.0 227.6 23.0 29.22 11.0 9.62 290.0 160.7 78.0 129.96 9.0 10.54 8.0 9.66 10.0 9.9 15.0 16.8 13.0 13.92 
135.0 227.64 32.0 29.58 11.0 9.64 187.0 160.88 98.0 131.18 9.0 10.5 9.0 9.66 10.0 9.92 24.0 17.04 16.0 13.82 
115.0 223.64 25.0 29.56 9.0 9.64 79.0 158.84 60.0 131.18 13.0 10.56 11.0 9.7 9.0 9.9 11.0 16.94 14.0 13.9 
117.0 222.06 40.0 29.82 10.0 9.64 127.0 160.1 94.0 131.8 13.0 10.62 13.0 9.8 9.0 9.82 14.0 16.88 13.0 13.82 
114.0 220.2 56.0 30.42 10.0 9.62 203.0 162.18 104.0 132.32 8.0 10.56 9.0 9.8 10.0 9.82 16.0 16.86 9.0 13.78 
86.0 218.52 10.0 29.76 10.0 9.62 125.0 160.36 83.0 132.9 10.0 10.6 10.0 9.82 8.0 9.78 15.0 16.84 20.0 13.98 
121.0 212.7 51.0 30.38 9.0 9.58 324.0 162.58 99.0 133.5 9.0 10.58 10.0 9.86 10.0 9.78 19.0 16.86 10.0 13.96 
91.0 209.4 27.0 29.52 12.0 9.64 91.0 157.9 91.0 134.22 9.0 10.54 11.0 9.88 9.0 9.74 17.0 16.86 14.0 14.04 
73.0 205.54 21.0 29.32 9.0 9.64 31.0 153.82 77.0 134.82 10.0 10.54 10.0 9.84 14.0 9.82 22.0 16.82 9.0 13.86 
73.0 205.58 34.0 29.28 10.0 9.62 113.0 152.48 55.0 134.6 10.0 10.46 10.0 9.84 9.0 9.76 30.0 17.04 21.0 13.62 
102.0 203.9 28.0 29.24 10.0 9.6 242.0 155.46 94.0 135.28 14.0 10.56 11.0 9.76 10.0 9.74 22.0 17.0 25.0 13.94 
88.0 201.52 19.0 28.2 10.0 9.62 279.0 156.06 119.0 135.96 10.0 10.48 11.0 9.78 8.0 9.7 15.0 17.0 13.0 13.98 
125.0 198.36 71.0 29.4 9.0 9.6 127.0 157.1 65.0 136.18 10.0 10.4 9.0 9.72 10.0 9.7 11.0 16.98 11.0 13.98 
117.0 199.06 32.0 29.2 10.0 9.64 321.0 161.74 92.0 136.8 8.0 10.38 12.0 9.76 10.0 9.7 11.0 16.84 14.0 13.94 
123.0 194.22 13.0 29.08 9.0 9.62 247.0 164.4 128.0 138.36 14.0 10.48 12.0 9.82 12.0 9.76 35.0 17.24 17.0 14.0 
157.0 191.6 19.0 28.9 10.0 9.66 118.0 164.06 65.0 138.2 11.0 10.42 12.0 9.88 9.0 9.68 9.0 17.0 9.0 13.96 
177.0 190.08 13.0 28.9 10.0 9.66 107.0 163.26 127.0 136.48 9.0 10.42 10.0 9.92 10.0 9.66 19.0 16.98 11.0 13.94 
133.0 188.9 28.0 28.84 9.0 9.66 171.0 160.5 95.0 137.24 9.0 10.4 10.0 9.92 9.0 9.64 21.0 17.14 18.0 13.96 
174.0 187.78 26.0 28.84 10.0 9.66 258.0 163.54 89.0 137.48 9.0 10.42 10.0 9.94 8.0 9.6 18.0 17.22 18.0 14.12 
143.0 186.88 86.0 30.2 8.0 9.58 186.0 165.66 164.0 139.76 10.0 10.4 9.0 9.94 10.0 9.6 16.0 17.3 12.0 14.14 
116.0 185.0 16.0 30.2 10.0 9.58 301.0 169.84 288.0 142.36 9.0 10.42 10.0 9.98 10.0 9.6 24.0 17.44 10.0 14.02 
116.0 183.9 21.0 30.36 10.0 9.58 500.0 179.08 152.0 137.14 8.0 10.24 10.0 10.0 10.0 9.62 13.0 17.46 11.0 13.98 
125.0 182.78 26.0 29.94 10.0 9.6 257.0 181.12 166.0 139.02 9.0 10.2 8.0 9.94 10.0 9.64 18.0 17.58 9.0 13.9 
107.0 182.88 50.0 30.6 9.0 9.6 208.0 183.06 201.0 137.96 10.0 10.16 9.0 9.92 8.0 9.62 18.0 17.54 10.0 13.86 
121.0 184.1 40.0 30.64 11.0 9.64 329.0 188.32 286.0 141.84 10.0 10.16 12.0 9.98 10.0 9.62 13.0 17.56 14.0 13.94 
114.0 182.76 31.0 30.5 9.0 9.64 500.0 196.1 191.0 141.98 8.0 10.04 9.0 9.98 10.0 9.64 14.0 17.58 12.0 13.98 
181.0 181.18 91.0 31.84 10.0 9.64 271.0 199.74 264.0 145.24 8.0 10.0 12.0 10.02 8.0 9.62 11.0 17.36 12.0 13.7 
86.0 177.78 16.0 31.86 9.0 9.56 500.0 209.28 168.0 145.94 10.0 10.0 10.0 10.04 9.0 9.64 24.0 17.46 15.0 13.66 
147.0 176.7 25.0 31.3 10.0 9.58 202.0 210.48 444.0 149.86 9.0 10.0 9.0 10.06 10.0 9.6 9.0 17.28 9.0 13.58 
113.0 175.0 18.0 31.04 8.0 9.56 367.0 213.74 500.0 156.8 9.0 10.0 8.0 9.94 10.0 9.6 13.0 17.12 13.0 13.58 
138.0 173.56 21.0 30.98 9.0 9.56 500.0 222.96 469.0 162.52 10.0 10.0 9.0 9.88 10.0 9.6 12.0 17.04 20.0 13.68 
113.0 174.06 11.0 30.94 10.0 9.58 500.0 230.8 500.0 167.7 10.0 10.04 10.0 9.9 12.0 9.66 16.0 17.14 10.0 13.68 
120.0 172.98 47.0 31.46 9.0 9.58 500.0 238.28 500.0 170.84 10.0 10.06 10.0 9.94 9.0 9.64 13.0 17.2 10.0 13.64 
131.0 170.38 56.0 32.14 8.0 9.54 500.0 246.84 293.0 172.88 9.0 10.04 13.0 10.0 9.0 9.64 15.0 17.14 15.0 13.76 
159.0 168.9 18.0 31.78 8.0 9.52 500.0 256.1 302.0 176.34 10.0 10.06 9.0 10.0 9.0 9.64 19.0 17.22 15.0 13.88 
56.0 164.06 11.0 31.6 10.0 9.54 500.0 262.26 456.0 182.08 10.0 10.08 9.0 9.98 8.0 9.6 17.0 17.1 14.0 13.94 
129.0 158.54 38.0 31.44 8.0 9.5 500.0 270.24 422.0 187.72 9.0 10.04 15.0 10.08 9.0 9.58 13.0 16.92 13.0 13.92 
136.0 154.5 39.0 31.68 9.0 9.46 456.0 275.46 500.0 192.4 10.0 9.88 12.0 10.14 8.0 9.56 15.0 16.82 13.0 13.98 
105.0 149.96 25.0 31.96 8.0 9.42 488.0 277.72 483.0 198.86 10.0 9.78 10.0 10.16 9.0 9.54 15.0 16.76 9.0 13.84 
113.0 143.48 22.0 31.42 10.0 9.42 500.0 286.48 500.0 199.08 9.0 9.78 9.0 10.14 11.0 9.58 12.0 16.62 14.0 13.9 
113.0 141.84 22.0 31.6 9.0 9.42 191.0 280.86 115.0 199.18 12.0 9.84 9.0 10.12 9.0 9.56 11.0 16.56 11.0 13.9 
80.0 138.94 24.0 31.68 12.0 9.48 387.0 284.46 290.0 203.2 13.0 9.9 10.0 10.14 8.0 9.5 10.0 16.38 11.0 13.48 
131.0 132.52 11.0 30.96 10.0 9.52 464.0 290.36 463.0 210.48 12.0 9.96 12.0 10.16 9.0 9.5 18.0 16.26 10.0 13.46 
112.0 127.5 28.0 30.88 10.0 9.54 432.0 294.88 341.0 215.4 8.0 9.94 14.0 10.28 8.0 9.48 18.0 16.22 9.0 13.36 
130.0 126.44 31.0 31.1 8.0 9.52 420.0 298.78 299.0 219.64 8.0 9.92 10.0 10.28 14.0 9.56 13.0 16.22 12.0 13.4 
119.0 124.9 16.0 30.66 8.0 9.48 500.0 300.8 330.0 223.62 10.0 9.92 12.0 10.34 10.0 9.56 13.0 16.12 10.0 13.3 
118.0 124.2 54.0 31.44 8.0 9.46 500.0 307.38 287.0 228.18 11.0 9.96 11.0 10.38 8.0 9.54 12.0 16.1 10.0 13.08 
114.0 123.76 13.0 31.2 8.0 9.44 500.0 314.36 258.0 230.18 9.0 9.94 9.0 10.36 9.0 9.54 11.0 16.02 25.0 13.34 
146.0 123.32 13.0 30.78 9.0 9.44 500.0 320.72 288.0 234.22 10.0 9.9 16.0 10.44 10.0 9.54 10.0 15.88 12.0 13.28 
149.0 122.64 16.0 30.08 10.0 9.46 364.0 325.26 235.0 237.36 8.0 9.84 12.0 10.5 10.0 9.56 24.0 16.08 9.0 13.08 
178.0 121.6 16.0 29.94 9.0 9.42 341.0 326.28 279.0 241.38 9.0 9.84 9.0 10.52 12.0 9.6 12.0 16.02 21.0 13.24 
184.0 122.58 34.0 29.98 9.0 9.38 500.0 332.54 298.0 245.38 10.0 9.86 9.0 10.52 10.0 9.6 19.0 15.92 9.0 13.1 
144.0 123.16 28.0 30.04 11.0 9.42 500.0 340.96 230.0 248.78 12.0 9.84 9.0 10.48 10.0 9.62 11.0 15.92 9.0 13.0 
145.0 123.72 28.0 29.8 9.0 9.4 500.0 348.42 305.0 253.0 10.0 9.78 9.0 10.4 9.0 9.62 16.0 15.96 9.0 12.92 
112.0 123.68 13.0 28.94 10.0 9.4 335.0 351.06 351.0 257.94 12.0 9.86 8.0 10.38 10.0 9.62 12.0 15.88 16.0 13.06 
225.0 126.46 28.0 29.3 9.0 9.38 432.0 357.2 386.0 264.0 10.0 9.86 9.0 10.36 9.0 9.64 18.0 15.94 10.0 12.86 
180.0 127.64 14.0 28.56 9.0 9.38 500.0 360.72 500.0 272.02 10.0 9.88 9.0 10.34 9.0 9.62 16.0 15.88 10.0 12.86 
139.0 128.6 22.0 28.46 9.0 9.32 500.0 368.9 402.0 278.24 9.0 9.88 9.0 10.3 9.0 9.62 26.0 16.06 11.0 12.8 
135.0 129.84 12.0 28.28 9.0 9.32 497.0 378.22 500.0 286.7 10.0 9.88 10.0 10.3 11.0 9.56 10.0 15.82 11.0 12.84 
206.0 132.5 17.0 27.94 14.0 9.4 278.0 381.52 500.0 295.6 10.0 9.88 8.0 10.26 11.0 9.6 14.0 15.5 12.0 12.66 
183.0 134.12 20.0 27.78 12.0 9.44 500.0 386.68 475.0 303.22 9.0 9.78 9.0 10.22 9.0 9.58 10.0 15.26 11.0 12.38 
200.0 136.36 19.0 27.78 8.0 9.4 500.0 391.1 337.0 307.58 9.0 9.76 12.0 10.24 10.0 9.62 12.0 15.2 13.0 12.38 
163.0 137.12 16.0 26.68 9.0 9.4 299.0 394.54 500.0 316.28 9.0 9.74 10.0 10.26 9.0 9.6 13.0 15.24 17.0 12.5 
197.0 138.72 50.0 27.04 10.0 9.4 500.0 398.12 463.0 323.7 9.0 9.76 10.0 10.22 11.0 9.62 13.0 15.28 14.0 12.5 
200.0 140.26 45.0 27.68 10.0 9.42 328.0 399.74 130.0 323.74 10.0 9.68 12.0 10.22 12.0 9.62 15.0 14.88 10.0 12.36 
165.0 140.42 13.0 27.56 10.0 9.42 500.0 407.38 267.0 327.78 9.0 9.64 13.0 10.24 9.0 9.62 19.0 15.08 13.0 12.44 
154.0 139.96 39.0 28.08 9.0 9.4 500.0 415.24 414.0 333.52 9.0 9.64 12.0 10.28 12.0 9.66 12.0 14.94 10.0 12.42 
208.0 141.46 49.0 28.5 9.0 9.4 311.0 418.04 500.0 341.62 10.0 9.66 10.0 10.28 10.0 9.68 11.0 14.74 18.0 12.42 
290.0 143.78 15.0 28.28 8.0 9.36 286.0 418.6 319.0 346.22 9.0 9.66 9.0 10.26 10.0 9.72 12.0 14.62 13.0 12.32 
235.0 145.62 30.0 27.16 9.0 9.38 384.0 422.56 500.0 352.94 9.0 9.64 10.0 10.28 8.0 9.68 12.0 14.54 9.0 12.26 
214.0 147.58 12.0 27.08 10.0 9.38 500.0 426.54 492.0 357.02 9.0 9.64 10.0 10.28 10.0 9.68 16.0 14.38 11.0 12.28 
301.0 151.28 25.0 27.16 8.0 9.34 500.0 426.54 476.0 363.5 11.0 9.7 9.0 10.26 8.0 9.64 17.0 14.46 10.0 12.26 
225.0 153.28 36.0 27.36 8.0 9.3 500.0 431.4 265.0 365.48 10.0 9.72 9.0 10.28 9.0 9.62 15.0 14.4 14.0 12.36 
256.0 156.26 18.0 26.72 9.0 9.3 320.0 433.64 500.0 371.46 8.0 9.68 13.0 10.36 18.0 9.82 13.0 14.3 11.0 12.38 
125.0 156.34 19.0 26.3 9.0 9.26 500.0 437.06 279.0 371.32 8.0 9.64 12.0 10.36 10.0 9.82 12.0 14.28 14.0 12.38 
324.0 160.54 17.0 26.02 10.0 9.28 500.0 437.06 182.0 371.14 10.0 9.68 9.0 10.36 11.0 9.84 21.0 14.42 20.0 12.54 
206.0 161.04 16.0 24.52 10.0 9.28 103.0 433.7 213.0 370.12 9.0 9.7 11.0 10.34 8.0 9.84 10.0 14.4 14.0 12.58 
229.0 163.9 35.0 24.9 9.0 9.28 500.0 433.7 500.0 376.76 9.0 9.68 9.0 10.32 9.0 9.84 12.0 14.16 10.0 12.48 
137.0 163.7 82.0 26.04 8.0 9.24 363.0 436.92 500.0 377.88 13.0 9.76 10.0 10.34 9.0 9.82 12.0 14.22 38.0 13.06 
143.0 164.3 13.0 25.94 10.0 9.28 500.0 439.58 500.0 377.88 11.0 9.8 10.0 10.38 10.0 9.82 12.0 14.2 25.0 13.3 
132.0 164.18 39.0 26.3 9.0 9.28 500.0 439.58 500.0 378.5 11.0 9.82 8.0 10.36 11.0 9.84 12.0 14.2 11.0 13.12 
245.0 166.82 38.0 26.84 9.0 9.26 500.0 439.58 500.0 378.5 9.0 9.8 12.0 10.4 9.0 9.78 10.0 14.08 13.0 13.18 
198.0 168.38 25.0 26.4 9.0 9.26 500.0 439.58 500.0 378.5 9.0 9.78 9.0 10.38 9.0 9.78 10.0 14.02 16.0 13.3 
243.0 170.62 57.0 26.42 8.0 9.26 500.0 439.58 500.0 382.64 9.0 9.78 11.0 10.34 12.0 9.84 13.0 13.98 11.0 13.22 
128.0 170.0 94.0 27.94 9.0 9.28 500.0 439.58 500.0 386.6 9.0 9.76 13.0 10.42 9.0 9.84 13.0 13.86 26.0 13.44 
198.0 172.84 18.0 28.08 10.0 9.28 441.0 438.4 500.0 387.48 11.0 9.78 9.0 10.42 9.0 9.86 12.0 13.76 8.0 13.32 
173.0 173.72 68.0 28.68 11.0 9.34 500.0 438.4 407.0 387.18 9.0 9.78 9.0 10.3 9.0 9.86 14.0 13.78 13.0 13.32 
178.0 174.56 18.0 28.26 8.0 9.32 436.0 438.0 391.0 385.0 9.0 9.76 9.0 10.24 11.0 9.92 11.0 13.7 12.0 13.3 
192.0 176.3 36.0 28.48 9.0 9.34 500.0 438.24 500.0 385.34 10.0 9.76 12.0 10.28 10.0 9.94 10.0 13.6 11.0 13.34 
326.0 180.56 43.0 28.9 9.0 9.32 500.0 438.24 373.0 382.8 10.0 9.78 8.0 10.26 12.0 9.96 21.0 13.78 20.0 13.46 
250.0 183.3 25.0 28.96 10.0 9.34 424.0 442.9 440.0 389.3 10.0 9.74 9.0 10.26 9.0 9.96 13.0 13.82 20.0 13.64 
409.0 189.88 14.0 28.76 10.0 9.3 500.0 445.16 408.0 391.66 10.0 9.68 12.0 10.3 9.0 9.98 15.0 13.92 13.0 13.68 
226.0 191.78 25.0 29.04 10.0 9.3 361.0 443.1 399.0 390.38 9.0 9.62 9.0 10.24 16.0 10.12 19.0 13.94 45.0 14.38 
218.0 193.9 28.0 29.04 9.0 9.28 412.0 442.7 312.0 389.8 12.0 9.7 10.0 10.16 10.0 10.16 21.0 14.0 10.0 14.4 
478.0 200.86 40.0 29.22 9.0 9.3 337.0 441.04 356.0 390.94 12.0 9.78 9.0 10.14 9.0 10.06 18.0 14.1 16.0 14.48 
381.0 206.1 40.0 29.7 9.0 9.32 263.0 436.3 410.0 392.54 9.0 9.76 9.0 10.08 9.0 10.04 22.0 14.28 21.0 14.7 
237.0 208.48 32.0 29.26 9.0 9.34 131.0 428.92 275.0 392.3 10.0 9.74 9.0 10.04 9.0 10.06 27.0 14.58 17.0 14.84 
143.0 209.06 78.0 30.56 9.0 9.36 500.0 428.92 306.0 393.26 11.0 9.78 14.0 10.14 10.0 10.08 18.0 14.72 10.0 14.54 
283.0 211.8 33.0 30.96 9.0 9.36 500.0 428.92 387.0 395.24 10.0 9.78 10.0 10.02 15.0 10.18 16.0 14.84 17.0 14.64 
142.0 211.66 13.0 30.9 10.0 9.36 416.0 429.96 215.0 394.84 10.0 9.82 11.0 10.0 10.0 10.18 9.0 14.54 10.0 14.66 
182.0 211.74 31.0 31.2 9.0 9.36 500.0 433.14 500.0 399.26 10.0 9.84 9.0 10.0 9.0 10.12 14.0 14.58 10.0 14.44 
155.0 211.16 78.0 32.08 8.0 9.34 500.0 433.14 500.0 403.3 10.0 9.84 9.0 10.0 10.0 10.12 14.0 14.48 19.0 14.64 
214.0 212.56 42.0 32.36 10.0 9.32 476.0 432.66 500.0 408.7 12.0 9.84 9.0 10.0 8.0 10.08 22.0 14.7 13.0 14.72 
219.0 214.04 76.0 33.32 10.0 9.34 500.0 432.66 362.0 409.84 8.0 9.8 10.0 10.02 10.0 10.1 14.0 14.66 12.0 14.78 
138.0 214.56 59.0 34.24 10.0 9.34 275.0 431.46 500.0 412.82 9.0 9.74 10.0 10.06 10.0 10.1 24.0 14.9 17.0 14.8 
251.0 215.08 32.0 34.32 9.0 9.34 500.0 432.82 313.0 411.36 9.0 9.72 13.0 10.14 8.0 10.08 19.0 14.92 10.0 14.8 
164.0 214.76 25.0 34.54 9.0 9.34 428.0 431.38 500.0 411.36 10.0 9.72 9.0 10.14 10.0 10.1 21.0 15.02 11.0 14.82 
161.0 215.2 30.0 34.7 10.0 9.36 340.0 428.18 164.0 406.6 9.0 9.72 9.0 10.14 10.0 10.12 14.0 14.78 17.0 14.94 
156.0 215.62 46.0 35.38 9.0 9.36 500.0 428.24 419.0 404.98 9.0 9.7 10.0 10.14 9.0 10.08 14.0 14.86 10.0 14.92 
254.0 216.58 14.0 35.32 9.0 9.26 500.0 432.68 454.0 404.06 8.0 9.66 8.0 10.14 11.0 10.08 34.0 15.26 25.0 15.18 
293.0 218.78 35.0 35.62 9.0 9.2 500.0 432.68 500.0 404.56 12.0 9.72 9.0 10.14 9.0 10.08 14.0 15.34 10.0 15.16 
130.0 217.38 25.0 35.74 10.0 9.24 500.0 432.68 500.0 407.82 10.0 9.74 8.0 10.06 10.0 10.08 22.0 15.54 22.0 15.34 
243.0 218.98 30.0 36.02 10.0 9.26 500.0 436.7 420.0 406.22 8.0 9.72 11.0 10.08 12.0 10.14 19.0 15.66 15.0 15.3 
269.0 220.42 67.0 36.36 8.0 9.22 407.0 434.84 500.0 406.96 8.0 9.7 10.0 10.08 9.0 10.1 20.0 15.8 10.0 15.22 
110.0 218.62 49.0 36.44 10.0 9.22 500.0 438.28 500.0 414.36 9.0 9.68 9.0 10.02 8.0 10.02 29.0 16.08 16.0 15.34 
262.0 220.56 19.0 36.56 9.0 9.2 468.0 437.64 500.0 419.02 10.0 9.7 12.0 10.0 11.0 10.06 25.0 16.2 17.0 15.42 
173.0 220.94 55.0 36.88 10.0 9.22 265.0 432.94 410.0 418.94 10.0 9.72 10.0 9.96 10.0 10.02 28.0 16.52 13.0 15.48 
183.0 220.44 59.0 37.08 9.0 9.22 500.0 436.72 433.0 417.6 10.0 9.72 9.0 9.94 8.0 9.98 30.0 16.9 13.0 15.38 
217.0 218.98 121.0 39.2 10.0 9.26 500.0 441.0 387.0 418.96 11.0 9.76 8.0 9.92 9.0 9.96 23.0 17.12 20.0 15.52 
188.0 218.04 26.0 39.12 9.0 9.26 396.0 441.24 371.0 416.38 9.0 9.76 14.0 10.0 12.0 10.04 23.0 17.34 44.0 16.22 
189.0 217.54 25.0 39.38 10.0 9.26 424.0 439.72 298.0 412.5 10.0 9.78 9.0 9.98 8.0 10.0 20.0 17.42 13.0 16.26 
500.0 221.52 31.0 39.5 9.0 9.28 497.0 439.66 251.0 408.0 10.0 9.76 8.0 9.96 9.0 10.02 39.0 17.86 12.0 16.3 
373.0 224.48 36.0 39.5 9.0 9.3 500.0 439.66 307.0 408.84 14.0 9.84 10.0 9.98 8.0 10.0 19.0 17.94 22.0 16.46 
235.0 224.06 62.0 40.38 10.0 9.32 500.0 443.26 190.0 402.64 9.0 9.86 9.0 9.9 9.0 9.82 28.0 18.24 16.0 16.56 
383.0 229.22 68.0 41.36 10.0 9.34 180.0 436.86 239.0 401.84 11.0 9.92 9.0 9.84 9.0 9.8 35.0 18.7 14.0 16.56 
500.0 232.74 64.0 42.3 10.0 9.34 500.0 436.86 120.0 400.6 10.0 9.92 9.0 9.84 8.0 9.74 19.0 18.66 10.0 16.36 
439.0 237.4 105.0 44.08 9.0 9.32 500.0 444.8 175.0 399.84 9.0 9.92 8.0 9.78 10.0 9.78 25.0 18.96 11.0 16.3 
267.0 238.16 104.0 45.46 11.0 9.36 500.0 444.8 120.0 392.24 9.0 9.92 11.0 9.82 9.0 9.78 16.0 19.04 11.0 16.32 
500.0 245.42 136.0 46.54 8.0 9.36 149.0 440.52 137.0 384.98 9.0 9.84 9.0 9.8 10.0 9.8 26.0 19.32 32.0 16.2 
191.0 246.38 103.0 48.34 10.0 9.36 500.0 440.52 116.0 377.3 10.0 9.82 12.0 9.84 10.0 9.8 72.0 20.52 20.0 16.1 
259.0 248.92 67.0 48.9 8.0 9.34 424.0 439.0 123.0 369.76 12.0 9.84 11.0 9.9 10.0 9.78 59.0 21.46 23.0 16.34 
472.0 253.46 64.0 49.42 9.0 9.34 134.0 431.68 130.0 362.36 14.0 9.94 10.0 9.86 8.0 9.76 166.0 24.58 23.0 16.54 
155.0 252.6 49.0 49.9 10.0 9.36 500.0 431.68 103.0 354.42 11.0 9.98 9.0 9.86 11.0 9.8 38.0 25.14 19.0 16.6 
324.0 254.22 48.0 49.72 9.0 9.38 500.0 431.68 112.0 346.66 8.0 9.96 13.0 9.9 10.0 9.76 28.0 25.44 28.0 16.94 
233.0 256.32 102.0 49.88 10.0 9.4 500.0 431.68 121.0 339.08 12.0 10.02 9.0 9.82 10.0 9.78 19.0 25.56 43.0 17.28 
226.0 256.88 19.0 49.9 9.0 9.38 500.0 432.86 107.0 331.22 9.0 9.98 12.0 9.88 8.0 9.76 48.0 26.28 14.0 17.4 
354.0 260.5 72.0 49.98 9.0 9.34 141.0 425.68 34.0 323.76 9.0 9.98 11.0 9.92 10.0 9.78 122.0 28.44 22.0 17.58 
237.0 261.68 55.0 50.72 8.0 9.34 273.0 422.42 120.0 318.34 9.0 9.98 11.0 9.96 10.0 9.76 41.0 29.04 19.0 17.72 
297.0 263.78 105.0 52.1 9.0 9.34 357.0 419.56 131.0 310.96 10.0 9.98 12.0 9.96 10.0 9.76 26.0 29.36 19.0 17.88 
280.0 262.86 221.0 55.66 8.0 9.32 483.0 419.22 122.0 305.94 10.0 9.98 10.0 10.0 8.0 9.68 45.0 29.84 40.0 18.28 
330.0 264.46 126.0 57.68 10.0 9.32 287.0 416.48 112.0 299.38 10.0 9.98 9.0 10.0 11.0 9.72 58.0 30.74 12.0 18.12 
393.0 264.14 76.0 58.92 9.0 9.3 368.0 413.84 113.0 293.48 10.0 9.98 9.0 9.94 9.0 9.72 56.0 31.56 99.0 19.84 
309.0 265.8 185.0 62.12 10.0 9.3 453.0 415.68 124.0 287.98 10.0 10.0 9.0 9.94 10.0 9.6 100.0 33.18 14.0 19.22 
421.0 269.86 137.0 64.3 10.0 9.32 500.0 417.44 126.0 284.26 9.0 9.94 9.0 9.92 8.0 9.56 153.0 35.82 31.0 19.64 
500.0 270.3 44.0 64.38 8.0 9.3 500.0 420.7 106.0 279.26 8.0 9.86 8.0 9.9 9.0 9.56 152.0 38.5 26.0 19.84 
439.0 271.46 70.0 64.98 10.0 9.32 415.0 423.74 111.0 273.28 11.0 9.9 10.0 9.92 9.0 9.56 90.0 39.86 12.0 19.66 
324.0 273.2 57.0 65.48 8.0 9.3 500.0 431.12 124.0 270.26 9.0 9.88 10.0 9.94 9.0 9.56 58.0 40.48 13.0 19.58 
337.0 277.08 41.0 64.74 10.0 9.32 500.0 431.12 121.0 266.56 8.0 9.82 8.0 9.82 9.0 9.54 85.0 41.82 15.0 19.68 
500.0 281.42 205.0 68.18 10.0 9.34 451.0 430.14 116.0 261.14 10.0 9.82 10.0 9.82 8.0 9.4 68.0 42.86 27.0 19.88 
305.0 284.68 38.0 68.68 9.0 9.32 500.0 431.82 123.0 259.3 9.0 9.8 9.0 9.78 11.0 9.42 68.0 44.04 18.0 20.04 
500.0 291.04 45.0 68.96 9.0 9.32 500.0 431.82 115.0 251.6 10.0 9.8 9.0 9.78 12.0 9.48 159.0 46.94 37.0 20.58 
487.0 297.68 76.0 68.92 10.0 9.36 500.0 431.82 73.0 243.06 10.0 9.8 10.0 9.8 10.0 9.48 174.0 50.14 14.0 20.48 
500.0 303.4 127.0 70.62 8.0 9.32 402.0 430.34 124.0 235.54 11.0 9.78 9.0 9.8 9.0 9.5 94.0 51.58 17.0 20.56 
272.0 304.46 108.0 71.26 12.0 9.36 500.0 430.34 137.0 231.04 8.0 9.78 10.0 9.8 10.0 9.5 115.0 53.6 10.0 20.52 
500.0 311.7 65.0 71.38 8.0 9.32 500.0 434.84 125.0 223.54 9.0 9.78 10.0 9.8 9.0 9.48 158.0 56.28 13.0 20.44 
500.0 316.68 182.0 74.38 10.0 9.34 500.0 434.84 131.0 219.9 8.0 9.76 10.0 9.74 9.0 9.5 125.0 58.4 19.0 20.62 
420.0 321.8 103.0 75.94 9.0 9.34 500.0 436.28 128.0 212.46 10.0 9.76 9.0 9.74 10.0 9.5 48.0 58.94 21.0 20.82 
230.0 323.18 182.0 78.98 10.0 9.34 500.0 439.48 123.0 211.64 10.0 9.78 9.0 9.74 9.0 9.48 95.0 60.56 19.0 20.86 
500.0 330.06 55.0 79.16 8.0 9.32 500.0 439.48 163.0 206.52 8.0 9.76 12.0 9.78 8.0 9.46 117.0 62.62 30.0 21.26 
266.0 330.3 169.0 82.26 9.0 9.32 500.0 439.48 126.0 199.96 11.0 9.82 10.0 9.82 9.0 9.42 112.0 64.18 28.0 21.32 
295.0 330.34 272.0 87.0 10.0 9.34 500.0 439.48 163.0 193.22 8.0 9.74 9.0 9.82 10.0 9.44 152.0 66.94 14.0 21.4 
473.0 337.2 210.0 90.7 10.0 9.34 441.0 438.3 165.0 186.52 10.0 9.74 10.0 9.86 10.0 9.44 123.0 68.96 37.0 21.7 
294.0 338.22 277.0 95.64 10.0 9.34 325.0 434.8 157.0 181.26 11.0 9.8 9.0 9.82 9.0 9.38 204.0 72.66 12.0 21.64 
396.0 340.76 95.0 96.2 10.0 9.38 213.0 430.92 136.0 173.98 9.0 9.82 9.0 9.8 8.0 9.36 125.0 74.76 16.0 21.76 
270.0 343.96 49.0 96.2 9.0 9.36 192.0 424.76 180.0 167.58 10.0 9.84 12.0 9.86 12.0 9.44 197.0 78.12 22.0 21.88 
426.0 347.24 341.0 102.64 9.0 9.36 500.0 425.4 174.0 161.06 10.0 9.84 8.0 9.78 10.0 9.42 182.0 81.26 12.0 21.78 
292.0 349.62 184.0 105.22 9.0 9.34 185.0 423.8 145.0 155.76 9.0 9.82 8.0 9.74 10.0 9.42 168.0 84.06 22.0 21.96 
317.0 352.3 153.0 107.1 9.0 9.34 500.0 423.8 186.0 150.82 10.0 9.82 9.0 9.74 13.0 9.52 150.0 86.46 19.0 22.08 
500.0 357.96 179.0 108.26 10.0 9.34 454.0 422.88 131.0 145.7 8.0 9.76 10.0 9.78 9.0 9.52 87.0 87.74 51.0 22.7 
409.0 362.38 117.0 110.08 9.0 9.34 500.0 424.96 149.0 141.26 9.0 9.76 9.0 9.68 10.0 9.48 419.0 95.66 29.0 22.4 
472.0 368.04 161.0 112.8 9.0 9.32 500.0 426.48 190.0 139.1 10.0 9.76 10.0 9.7 9.0 9.5 111.0 97.48 39.0 22.92 
500.0 368.04 118.0 114.54 10.0 9.34 500.0 426.54 178.0 137.64 10.0 9.76 9.0 9.72 10.0 9.52 89.0 98.48 31.0 23.3 
244.0 365.46 151.0 116.84 10.0 9.36 500.0 426.54 173.0 134.96 10.0 9.68 11.0 9.74 9.0 9.54 95.0 100.0 24.0 23.34 
325.0 367.26 99.0 117.58 8.0 9.32 500.0 426.54 191.0 134.98 9.0 9.68 9.0 9.74 9.0 9.54 305.0 105.54 39.0 23.8 
500.0 369.6 97.0 118.16 10.0 9.32 500.0 432.94 154.0 133.28 9.0 9.64 10.0 9.76 10.0 9.56 119.0 107.22 78.0 25.08 
500.0 369.6 213.0 121.14 10.0 9.32 303.0 429.0 228.0 135.44 10.0 9.64 10.0 9.78 12.0 9.64 203.0 110.9 26.0 25.4 
188.0 364.58 236.0 123.76 10.0 9.34 500.0 429.0 248.0 136.9 10.0 9.66 10.0 9.82 10.0 9.64 149.0 113.38 15.0 25.48 
500.0 369.24 242.0 126.52 10.0 9.32 500.0 429.0 188.0 138.26 9.0 9.66 11.0 9.82 11.0 9.68 123.0 115.52 34.0 25.94 
275.0 364.74 225.0 128.3 10.0 9.36 500.0 436.02 195.0 139.42 8.0 9.64 9.0 9.82 10.0 9.68 201.0 119.02 47.0 26.24 
500.0 370.92 114.0 128.52 11.0 9.38 440.0 434.82 268.0 142.46 10.0 9.64 11.0 9.8 10.0 9.68 127.0 120.12 35.0 26.54 
297.0 371.68 67.0 128.52 9.0 9.4 500.0 436.34 261.0 145.22 11.0 9.62 8.0 9.74 9.0 9.66 187.0 122.68 12.0 26.32 
500.0 372.24 103.0 129.3 10.0 9.42 168.0 437.02 259.0 147.8 11.0 9.56 9.0 9.72 8.0 9.66 175.0 122.86 18.0 26.22 
452.0 378.18 127.0 130.86 10.0 9.42 379.0 434.6 258.0 150.9 10.0 9.54 9.0 9.72 10.0 9.64 296.0 128.02 49.0 26.82 
410.0 379.9 110.0 132.1 8.0 9.4 320.0 431.0 267.0 154.0 9.0 9.56 9.0 9.64 9.0 9.62 254.0 132.54 27.0 26.8 
134.0 377.92 105.0 132.16 9.0 9.38 423.0 429.46 235.0 156.28 9.0 9.5 9.0 9.64 10.0 9.62 214.0 136.44 44.0 26.82 
306.0 379.52 66.0 133.1 10.0 9.4 421.0 427.88 228.0 158.7 10.0 9.52 10.0 9.6 10.0 9.66 226.0 140.0 18.0 26.9 
318.0 378.8 87.0 133.4 9.0 9.4 298.0 431.02 271.0 163.44 10.0 9.54 11.0 9.6 8.0 9.62 84.0 139.24 21.0 26.88 
250.0 379.06 297.0 138.24 10.0 9.44 401.0 433.58 283.0 166.7 9.0 9.54 10.0 9.58 9.0 9.6 196.0 142.34 29.0 27.08 
294.0 379.0 135.0 138.84 10.0 9.46 207.0 430.58 241.0 168.9 9.0 9.52 10.0 9.54 9.0 9.58 152.0 144.86 20.0 27.1 
159.0 376.58 99.0 136.4 9.0 9.48 379.0 428.5 276.0 171.98 9.0 9.5 8.0 9.5 10.0 9.62 110.0 146.16 32.0 26.94 
209.0 374.16 231.0 138.5 9.0 9.46 125.0 425.26 230.0 174.34 9.0 9.48 10.0 9.52 9.0 9.58 116.0 147.32 22.0 27.14 
350.0 373.3 76.0 138.5 9.0 9.46 334.0 424.58 229.0 176.66 11.0 9.5 9.0 9.52 8.0 9.56 122.0 148.64 36.0 25.88 
161.0 370.34 247.0 139.74 10.0 9.46 274.0 421.0 261.0 179.4 10.0 9.5 11.0 9.56 10.0 9.56 174.0 150.12 53.0 26.66 
242.0 366.76 114.0 139.28 9.0 9.44 285.0 416.7 237.0 181.62 9.0 9.5 8.0 9.54 9.0 9.58 145.0 149.96 20.0 26.44 
213.0 361.02 132.0 141.04 8.0 9.44 165.0 410.0 227.0 184.04 10.0 9.54 9.0 9.56 9.0 9.58 151.0 149.94 30.0 26.52 
220.0 356.64 57.0 140.78 9.0 9.42 500.0 411.7 142.0 184.66 9.0 9.5 8.0 9.52 11.0 9.62 204.0 152.22 38.0 27.04 
283.0 355.82 215.0 143.94 9.0 9.44 324.0 408.18 260.0 187.38 10.0 9.52 10.0 9.52 9.0 9.62 149.0 154.04 19.0 27.16 
288.0 354.84 162.0 146.36 9.0 9.42 174.0 401.66 222.0 189.4 10.0 9.56 9.0 9.54 9.0 9.62 122.0 154.78 93.0 28.72 
311.0 351.06 84.0 143.94 10.0 9.42 500.0 402.64 231.0 191.7 9.0 9.54 8.0 9.5 8.0 9.62 115.0 155.72 52.0 29.22 
471.0 354.38 63.0 144.44 8.0 9.4 500.0 402.64 221.0 193.66 10.0 9.56 9.0 9.5 9.0 9.58 135.0 157.06 12.0 29.1 
394.0 352.26 387.0 151.28 9.0 9.4 500.0 402.64 238.0 196.12 9.0 9.54 8.0 9.48 10.0 9.54 152.0 156.92 23.0 28.82 
266.0 347.84 175.0 153.26 11.0 9.42 500.0 402.64 213.0 198.92 10.0 9.54 10.0 9.48 10.0 9.54 155.0 156.54 30.0 29.14 
219.0 342.22 163.0 153.98 9.0 9.44 500.0 404.6 177.0 199.98 9.0 9.5 9.0 9.48 10.0 9.56 193.0 158.52 19.0 29.18 
206.0 340.9 89.0 153.6 10.0 9.4 351.0 401.62 207.0 201.38 9.0 9.52 9.0 9.46 9.0 9.54 165.0 159.52 34.0 29.66 
218.0 335.26 192.0 156.14 8.0 9.4 500.0 401.62 238.0 203.64 8.0 9.5 10.0 9.46 8.0 9.52 140.0 159.16 15.0 29.7 
145.0 328.16 68.0 153.86 9.0 9.38 500.0 401.62 141.0 203.84 13.0 9.6 10.0 9.46 10.0 9.54 200.0 160.66 18.0 29.68 
245.0 324.66 130.0 154.4 10.0 9.4 382.0 399.26 116.0 203.6 10.0 9.6 10.0 9.48 9.0 9.52 130.0 162.3 28.0 29.82 
234.0 324.74 211.0 154.98 10.0 9.4 469.0 398.64 146.0 204.06 9.0 9.58 8.0 9.46 10.0 9.54 142.0 163.24 40.0 30.24 
359.0 321.92 155.0 156.98 10.0 9.44 203.0 392.7 178.0 204.36 10.0 9.62 12.0 9.46 9.0 9.56 161.0 164.12 22.0 30.08 
217.0 320.94 198.0 157.56 8.0 9.42 233.0 387.36 160.0 205.04 9.0 9.58 10.0 9.46 9.0 9.56 141.0 164.7 12.0 29.76 
211.0 319.26 223.0 156.58 9.0 9.4 416.0 385.68 123.0 204.24 9.0 9.6 10.0 9.48 9.0 9.54 230.0 166.26 31.0 30.1 
214.0 314.08 113.0 154.64 9.0 9.38 423.0 385.32 149.0 203.92 9.0 9.58 9.0 9.46 10.0 9.54 222.0 168.24 15.0 29.66 
228.0 312.76 334.0 155.78 10.0 9.38 500.0 388.82 127.0 203.32 10.0 9.56 8.0 9.44 9.0 9.54 93.0 166.02 25.0 29.92 
236.0 309.56 127.0 156.42 10.0 9.38 500.0 394.56 135.0 203.3 9.0 9.56 8.0 9.42 9.0 9.56 230.0 168.12 9.0 29.78 
227.0 308.7 241.0 160.26 9.0 9.38 469.0 400.1 42.0 200.54 10.0 9.56 9.0 9.36 10.0 9.52 254.0 169.26 24.0 29.82 
167.0 303.52 143.0 156.3 10.0 9.4 500.0 400.1 138.0 199.82 8.0 9.52 10.0 9.4 9.0 9.5 200.0 169.62 11.0 29.8 
260.0 302.88 220.0 157.02 8.0 9.38 500.0 406.4 110.0 199.12 11.0 9.56 9.0 9.42 10.0 9.5 156.0 169.38 42.0 30.2 
275.0 302.04 139.0 156.74 10.0 9.4 500.0 406.4 148.0 198.36 8.0 9.52 9.0 9.42 9.0 9.42 142.0 169.22 21.0 30.24 
265.0 297.34 183.0 156.82 8.0 9.36 173.0 400.78 136.0 198.46 10.0 9.56 8.0 9.38 10.0 9.44 126.0 170.0 12.0 29.46 
307.0 295.3 354.0 161.56 10.0 9.38 328.0 397.34 149.0 198.46 9.0 9.56 10.0 9.4 9.0 9.42 245.0 166.52 22.0 29.32 
461.0 295.08 82.0 159.98 10.0 9.4 257.0 392.48 137.0 197.4 9.0 9.54 10.0 9.4 10.0 9.44 162.0 167.54 12.0 28.78 
481.0 294.7 120.0 160.02 10.0 9.4 176.0 386.0 130.0 196.44 10.0 9.54 10.0 9.42 11.0 9.46 393.0 173.62 21.0 28.58 
396.0 297.74 195.0 160.9 10.0 9.4 197.0 379.94 162.0 196.22 10.0 9.54 9.0 9.38 8.0 9.44 484.0 181.4 18.0 28.46 
470.0 300.64 156.0 162.04 10.0 9.44 194.0 373.82 132.0 195.04 8.0 9.52 10.0 9.4 10.0 9.46 162.0 178.54 20.0 28.08 
500.0 300.64 120.0 162.5 10.0 9.44 334.0 370.5 123.0 194.42 8.0 9.5 9.0 9.38 8.0 9.42 181.0 179.78 31.0 27.14 
260.0 295.84 202.0 162.28 9.0 9.42 251.0 369.46 141.0 192.68 8.0 9.46 9.0 9.36 9.0 9.36 131.0 178.34 26.0 27.14 
500.0 302.08 89.0 159.34 10.0 9.42 193.0 363.32 141.0 190.54 10.0 9.46 9.0 9.34 10.0 9.36 74.0 176.84 11.0 27.06 
500.0 302.08 135.0 157.2 10.0 9.42 190.0 357.12 162.0 190.02 9.0 9.46 12.0 9.36 10.0 9.34 146.0 177.3 32.0 27.02 
500.0 306.58 105.0 154.8 11.0 9.44 211.0 351.34 132.0 188.76 10.0 9.5 10.0 9.38 10.0 9.34 165.0 176.58 16.0 26.4 
500.0 306.58 122.0 154.96 11.0 9.44 279.0 348.12 164.0 186.68 9.0 9.48 11.0 9.38 9.0 9.32 250.0 179.04 20.0 26.1 
395.0 308.54 147.0 156.56 10.0 9.46 228.0 342.68 119.0 183.84 12.0 9.5 10.0 9.42 10.0 9.34 145.0 178.2 24.0 26.34 
361.0 305.76 140.0 157.3 9.0 9.44 271.0 344.74 116.0 180.98 10.0 9.48 10.0 9.44 9.0 9.36 145.0 177.6 10.0 26.18 
500.0 306.72 196.0 158.68 9.0 9.42 259.0 342.34 125.0 178.32 10.0 9.48 12.0 9.5 8.0 9.32 91.0 173.5 42.0 26.04 
500.0 308.52 166.0 159.8 9.0 9.44 314.0 342.22 139.0 175.76 9.0 9.48 9.0 9.5 12.0 9.38 142.0 171.26 18.0 25.86 
500.0 315.84 148.0 160.66 9.0 9.44 473.0 343.22 125.0 173.56 8.0 9.46 10.0 9.52 10.0 9.38 135.0 169.68 24.0 25.46 
500.0 319.72 242.0 164.18 9.0 9.42 256.0 339.92 118.0 171.36 8.0 9.42 8.0 9.48 10.0 9.38 161.0 168.38 26.0 25.62 
500.0 323.36 40.0 163.24 9.0 9.42 188.0 337.72 133.0 168.6 9.0 9.4 9.0 9.44 9.0 9.4 307.0 172.84 27.0 25.74 
500.0 328.36 164.0 160.58 12.0 9.46 250.0 334.7 115.0 165.24 10.0 9.42 10.0 9.44 9.0 9.4 213.0 173.18 17.0 25.5 
185.0 326.18 197.0 161.82 10.0 9.46 172.0 334.0 131.0 163.04 9.0 9.42 10.0 9.44 9.0 9.4 216.0 174.46 22.0 25.54 
500.0 333.0 158.0 163.0 9.0 9.46 356.0 333.54 111.0 159.74 8.0 9.4 9.0 9.46 9.0 9.38 120.0 174.66 12.0 25.14 
500.0 338.82 108.0 160.54 8.0 9.44 226.0 335.56 129.0 157.72 9.0 9.4 9.0 9.44 9.0 9.38 264.0 177.62 21.0 25.12 
500.0 341.82 207.0 163.16 10.0 9.46 379.0 336.46 127.0 155.68 10.0 9.38 10.0 9.46 11.0 9.44 143.0 178.04 26.0 24.92 
500.0 348.6 87.0 159.96 9.0 9.44 263.0 336.24 139.0 153.24 9.0 9.36 10.0 9.44 10.0 9.44 139.0 177.34 25.0 24.36 
500.0 353.76 167.0 161.02 10.0 9.46 500.0 340.54 134.0 151.18 8.0 9.34 10.0 9.48 9.0 9.44 67.0 175.78 64.0 25.24 
359.0 356.68 205.0 162.48 8.0 9.46 314.0 343.52 131.0 149.26 10.0 9.34 9.0 9.48 9.0 9.44 326.0 179.28 28.0 25.2 
454.0 361.36 165.0 164.64 11.0 9.5 446.0 342.44 108.0 148.58 9.0 9.34 10.0 9.52 14.0 9.5 82.0 176.84 21.0 24.86 
476.0 365.22 107.0 162.48 11.0 9.54 500.0 345.96 133.0 146.04 9.0 9.32 8.0 9.48 10.0 9.52 219.0 178.24 33.0 25.14 
418.0 367.82 121.0 161.66 9.0 9.54 500.0 352.48 137.0 144.34 10.0 9.32 9.0 9.48 10.0 9.54 239.0 180.58 46.0 24.2 
279.0 367.18 138.0 162.74 10.0 9.54 500.0 352.48 126.0 142.24 9.0 9.32 9.0 9.5 9.0 9.56 70.0 179.68 19.0 23.54 
190.0 361.56 120.0 163.88 10.0 9.58 500.0 352.48 117.0 140.16 9.0 9.3 12.0 9.56 9.0 9.56 154.0 180.06 18.0 23.66 
500.0 363.68 142.0 158.98 9.0 9.58 500.0 352.48 135.0 138.1 10.0 9.32 11.0 9.62 12.0 9.6 150.0 180.02 54.0 24.28 
292.0 364.2 96.0 157.4 10.0 9.56 500.0 352.48 112.0 136.08 9.0 9.3 9.0 9.6 9.0 9.58 238.0 181.68 17.0 24.02 
261.0 365.04 163.0 157.4 11.0 9.6 500.0 352.48 123.0 135.0 8.0 9.28 10.0 9.62 10.0 9.58 176.0 181.34 19.0 24.02 
271.0 366.34 108.0 157.78 9.0 9.58 500.0 355.46 108.0 133.02 9.0 9.28 10.0 9.64 9.0 9.58 96.0 179.96 31.0 23.96 
223.0 366.44 140.0 156.74 9.0 9.6 500.0 355.46 109.0 130.44 9.0 9.3 9.0 9.62 10.0 9.62 494.0 187.04 36.0 24.38 
167.0 366.88 116.0 157.7 9.0 9.6 310.0 351.66 118.0 129.98 8.0 9.2 10.0 9.62 11.0 9.64 500.0 193.04 8.0 24.18 
231.0 366.6 134.0 157.78 10.0 9.6 222.0 348.46 119.0 130.04 10.0 9.2 10.0 9.62 9.0 9.64 130.0 193.04 28.0 24.18 
189.0 365.7 149.0 156.54 8.0 9.56 420.0 347.48 101.0 129.14 8.0 9.18 10.0 9.66 10.0 9.64 264.0 195.48 20.0 23.78 
193.0 362.38 115.0 155.74 8.0 9.52 459.0 352.6 88.0 127.34 11.0 9.2 9.0 9.6 10.0 9.66 386.0 199.98 17.0 23.68 
152.0 361.08 124.0 154.26 10.0 9.56 500.0 357.94 60.0 125.34 10.0 9.22 9.0 9.58 10.0 9.68 123.0 199.62 25.0 23.94 
194.0 360.74 164.0 153.08 10.0 9.58 500.0 359.62 101.0 124.9 12.0 9.28 10.0 9.58 8.0 9.66 348.0 201.98 16.0 23.64 
142.0 359.3 197.0 154.76 9.0 9.58 500.0 361.16 33.0 122.58 9.0 9.28 9.0 9.58 11.0 9.68 241.0 202.36 22.0 23.78 
151.0 357.76 152.0 151.12 8.0 9.54 377.0 358.7 105.0 122.14 10.0 9.28 9.0 9.6 9.0 9.68 230.0 205.1 32.0 23.92 
166.0 356.36 197.0 152.52 10.0 9.54 275.0 354.2 97.0 121.38 9.0 9.28 10.0 9.64 8.0 9.66 331.0 207.12 57.0 24.88 
63.0 353.08 164.0 150.98 9.0 9.54 500.0 354.82 88.0 122.3 9.0 9.26 9.0 9.64 8.0 9.62 387.0 209.78 43.0 25.26 
128.0 352.3 157.0 151.26 8.0 9.5 500.0 354.82 105.0 121.64 11.0 9.32 11.0 9.66 10.0 9.64 500.0 215.78 37.0 25.78 
126.0 349.62 160.0 150.06 10.0 9.54 500.0 354.82 90.0 121.24 10.0 9.3 11.0 9.7 10.0 9.64 228.0 217.22 21.0 25.36 
150.0 347.12 145.0 150.18 9.0 9.52 500.0 354.82 110.0 120.48 10.0 9.34 10.0 9.72 10.0 9.66 299.0 220.36 30.0 25.54 
177.0 345.36 206.0 150.64 10.0 9.56 500.0 361.36 139.0 120.54 9.0 9.32 9.0 9.74 11.0 9.68 290.0 223.64 21.0 25.72 
171.0 342.64 150.0 146.56 9.0 9.54 493.0 364.66 138.0 120.32 9.0 9.32 9.0 9.72 8.0 9.66 188.0 222.5 22.0 25.72 
148.0 336.38 204.0 149.0 10.0 9.54 500.0 369.52 134.0 120.26 9.0 9.32 10.0 9.72 9.0 9.64 500.0 229.26 28.0 26.04 
206.0 330.88 86.0 148.32 9.0 9.52 500.0 376.0 84.0 119.34 10.0 9.32 9.0 9.7 9.0 9.6 288.0 227.16 18.0 25.98 
215.0 327.26 180.0 148.02 10.0 9.52 500.0 382.06 148.0 119.06 11.0 9.34 10.0 9.72 9.0 9.62 338.0 224.24 14.0 25.9 
186.0 321.58 172.0 148.34 12.0 9.56 500.0 388.18 143.0 119.28 9.0 9.36 9.0 9.7 8.0 9.58 307.0 227.14 19.0 25.88 
226.0 316.1 218.0 150.3 10.0 9.56 500.0 391.5 159.0 120.0 8.0 9.36 9.0 9.7 10.0 9.62 241.0 228.34 31.0 25.88 
246.0 315.82 160.0 149.46 9.0 9.56 500.0 396.48 147.0 120.12 9.0 9.38 15.0 9.82 9.0 9.62 124.0 228.2 34.0 26.04 
256.0 310.94 182.0 151.32 10.0 9.56 500.0 402.62 121.0 119.72 10.0 9.38 12.0 9.88 10.0 9.62 146.0 229.64 32.0 26.46 
297.0 306.88 220.0 153.02 9.0 9.54 500.0 408.82 160.0 119.68 9.0 9.38 9.0 9.82 8.0 9.58 171.0 230.14 51.0 26.84 
260.0 302.08 233.0 155.58 9.0 9.5 250.0 409.6 164.0 120.32 9.0 9.36 10.0 9.82 10.0 9.58 145.0 229.74 31.0 27.14 
248.0 297.04 191.0 156.96 10.0 9.48 500.0 414.02 153.0 120.1 10.0 9.38 10.0 9.8 9.0 9.58 246.0 229.66 23.0 27.2 
464.0 298.42 200.0 158.02 10.0 9.48 500.0 419.46 136.0 120.44 8.0 9.3 11.0 9.82 10.0 9.58 191.0 230.58 28.0 27.28 
409.0 299.38 165.0 158.52 10.0 9.5 500.0 424.04 140.0 120.92 12.0 9.34 10.0 9.82 10.0 9.6 203.0 231.74 39.0 27.86 
500.0 299.38 260.0 159.8 10.0 9.52 367.0 426.2 156.0 121.54 8.0 9.3 9.0 9.76 9.0 9.62 163.0 233.18 16.0 27.34 
500.0 299.38 99.0 158.46 9.0 9.52 500.0 429.92 170.0 122.16 14.0 9.4 12.0 9.82 9.0 9.56 198.0 234.3 40.0 27.78 
278.0 294.94 293.0 161.36 10.0 9.54 500.0 430.46 253.0 124.72 9.0 9.42 10.0 9.82 10.0 9.56 136.0 234.32 53.0 28.36 
393.0 292.8 83.0 158.18 10.0 9.56 500.0 435.34 214.0 126.64 10.0 9.46 9.0 9.84 10.0 9.56 141.0 233.92 22.0 28.28 
500.0 292.8 500.0 167.38 8.0 9.54 500.0 441.58 169.0 127.36 11.0 9.5 9.0 9.84 9.0 9.56 169.0 231.16 29.0 28.32 
479.0 292.38 206.0 168.22 9.0 9.48 359.0 443.76 177.0 128.6 11.0 9.52 11.0 9.86 8.0 9.54 131.0 229.52 27.0 28.52 
500.0 298.68 374.0 171.76 10.0 9.48 321.0 446.74 239.0 130.76 13.0 9.6 9.0 9.84 10.0 9.56 107.0 227.34 47.0 29.02 
500.0 298.68 97.0 170.54 9.0 9.48 310.0 445.82 222.0 132.98 9.0 9.62 8.0 9.82 9.0 9.56 126.0 227.46 40.0 29.58 
354.0 295.76 198.0 172.34 10.0 9.52 500.0 451.3 262.0 135.64 11.0 9.66 9.0 9.82 9.0 9.56 125.0 224.68 82.0 30.8 
500.0 295.76 202.0 172.24 9.0 9.5 500.0 453.72 309.0 139.28 10.0 9.66 9.0 9.8 11.0 9.56 101.0 223.84 22.0 30.72 
500.0 295.76 175.0 174.0 10.0 9.52 500.0 458.46 320.0 142.9 9.0 9.66 12.0 9.84 12.0 9.6 23.0 221.52 24.0 30.7 
500.0 295.76 297.0 176.6 10.0 9.52 500.0 458.46 248.0 145.18 10.0 9.7 11.0 9.86 9.0 9.6 62.0 221.42 22.0 29.86 
482.0 298.22 217.0 176.84 10.0 9.56 500.0 462.18 162.0 145.8 9.0 9.68 8.0 9.84 10.0 9.62 54.0 215.98 16.0 29.62 
500.0 299.14 197.0 177.48 11.0 9.56 500.0 463.26 298.0 149.6 9.0 9.68 8.0 9.8 10.0 9.54 95.0 216.24 18.0 29.56 
337.0 296.36 203.0 179.4 9.0 9.52 500.0 463.26 274.0 152.42 9.0 9.68 8.0 9.8 10.0 9.54 75.0 213.36 29.0 29.48 
500.0 298.0 104.0 179.06 10.0 9.54 500.0 463.26 278.0 155.24 9.0 9.66 10.0 9.82 10.0 9.54 48.0 209.54 36.0 29.28 
500.0 302.42 146.0 179.22 10.0 9.54 408.0 461.42 317.0 159.06 9.0 9.66 8.0 9.8 9.0 9.54 78.0 209.7 42.0 29.74 
500.0 308.62 218.0 181.18 8.0 9.5 500.0 461.42 254.0 161.8 9.0 9.66 10.0 9.76 8.0 9.52 96.0 208.54 29.0 29.96 
500.0 308.62 259.0 183.52 10.0 9.52 161.0 454.64 194.0 162.98 10.0 9.66 8.0 9.7 8.0 9.44 51.0 206.56 32.0 29.52 
500.0 312.78 60.0 182.8 9.0 9.5 500.0 454.64 198.0 164.7 8.0 9.64 9.0 9.7 9.0 9.44 53.0 202.86 25.0 29.68 
500.0 317.56 180.0 183.14 10.0 9.48 500.0 454.64 200.0 166.24 9.0 9.66 12.0 9.74 11.0 9.46 119.0 201.72 21.0 29.72 
463.0 321.4 304.0 187.06 10.0 9.5 500.0 454.64 185.0 167.78 10.0 9.68 8.0 9.7 9.0 9.46 24.0 200.28 41.0 29.92 
500.0 326.94 280.0 189.86 10.0 9.52 500.0 454.64 168.0 168.96 9.0 9.68 9.0 9.7 10.0 9.46 81.0 192.02 25.0 29.7 
472.0 333.04 227.0 192.08 8.0 9.5 500.0 458.44 162.0 169.84 11.0 9.74 10.0 9.7 8.0 9.4 66.0 183.34 27.0 30.08 
469.0 337.8 340.0 196.2 9.0 9.48 500.0 464.0 250.0 172.46 10.0 9.74 10.0 9.7 9.0 9.4 27.0 181.28 27.0 30.06 
500.0 344.02 339.0 200.0 10.0 9.52 500.0 465.6 250.0 175.44 13.0 9.84 10.0 9.7 9.0 9.38 41.0 176.82 48.0 30.62 
378.0 347.72 272.0 203.14 9.0 9.54 500.0 466.42 199.0 177.66 9.0 9.8 10.0 9.72 10.0 9.38 127.0 171.64 42.0 31.12 
264.0 349.96 255.0 205.76 11.0 9.56 500.0 466.42 167.0 179.8 11.0 9.82 10.0 9.74 9.0 9.36 114.0 171.46 17.0 30.96 
474.0 355.56 226.0 207.0 10.0 9.56 500.0 466.42 251.0 182.8 10.0 9.78 9.0 9.72 9.0 9.38 119.0 166.88 18.0 31.0 
500.0 362.72 301.0 209.08 8.0 9.54 500.0 466.42 177.0 185.68 9.0 9.78 9.0 9.72 9.0 9.34 94.0 163.94 29.0 31.14 
199.0 363.68 325.0 212.54 10.0 9.58 500.0 468.88 202.0 187.62 10.0 9.78 10.0 9.74 8.0 9.32 125.0 161.84 33.0 31.16 
484.0 370.04 179.0 212.18 9.0 9.56 500.0 473.38 246.0 190.6 10.0 9.8 10.0 9.74 11.0 9.38 115.0 157.52 28.0 30.58 
500.0 378.78 275.0 214.4 9.0 9.56 500.0 473.38 129.0 191.42 10.0 9.82 12.0 9.8 9.0 9.4 129.0 152.36 57.0 30.86 
500.0 386.22 76.0 212.78 9.0 9.58 500.0 473.38 186.0 193.04 8.0 9.76 9.0 9.76 10.0 9.4 188.0 146.12 15.0 30.42 
252.0 388.74 353.0 216.64 9.0 9.56 500.0 473.38 176.0 194.76 10.0 9.76 10.0 9.74 8.0 9.36 140.0 144.36 20.0 30.4 
286.0 391.46 360.0 220.94 9.0 9.56 500.0 473.38 145.0 195.46 10.0 9.76 11.0 9.76 10.0 9.36 152.0 141.42 31.0 30.42 
500.0 397.92 434.0 225.5 10.0 9.56 500.0 473.38 147.0 195.62 12.0 9.82 9.0 9.76 10.0 9.34 145.0 138.52 27.0 30.54 
346.0 401.42 276.0 228.02 11.0 9.6 500.0 473.52 168.0 196.22 8.0 9.8 10.0 9.78 9.0 9.36 231.0 139.38 29.0 30.68 
413.0 406.72 158.0 227.1 10.0 9.6 500.0 473.52 200.0 197.54 9.0 9.8 9.0 9.76 9.0 9.36 153.0 132.44 47.0 31.06 
412.0 410.84 252.0 230.42 9.0 9.6 500.0 473.52 139.0 198.64 11.0 9.82 12.0 9.82 10.0 9.38 144.0 129.56 24.0 31.18 
405.0 414.64 402.0 234.86 10.0 9.6 500.0 473.52 150.0 198.68 9.0 9.78 9.0 9.8 8.0 9.36 166.0 126.12 12.0 31.14 
359.0 418.1 205.0 235.52 8.0 9.52 500.0 473.52 159.0 199.0 9.0 9.78 12.0 9.86 8.0 9.36 190.0 123.78 49.0 31.74 
429.0 422.16 281.0 236.78 9.0 9.5 500.0 473.52 151.0 198.84 10.0 9.82 10.0 9.88 10.0 9.36 399.0 126.94 34.0 31.8 
402.0 425.28 202.0 237.62 9.0 9.5 500.0 473.52 159.0 199.08 9.0 9.82 9.0 9.76 10.0 9.38 261.0 129.68 24.0 31.6 
268.0 425.52 426.0 242.5 10.0 9.5 500.0 473.52 180.0 200.26 9.0 9.8 9.0 9.7 9.0 9.36 226.0 131.28 22.0 31.4 
500.0 429.58 217.0 242.44 8.0 9.48 500.0 473.52 189.0 200.84 10.0 9.82 10.0 9.72 9.0 9.38 345.0 134.76 14.0 30.66 
304.0 430.46 223.0 242.24 10.0 9.5 341.0 475.34 172.0 201.0 9.0 9.82 9.0 9.7 9.0 9.36 281.0 137.48 27.0 30.58 
500.0 435.5 88.0 240.18 9.0 9.48 500.0 475.34 175.0 201.44 9.0 9.8 11.0 9.72 10.0 9.38 210.0 136.76 16.0 30.44 
500.0 436.22 500.0 246.18 9.0 9.46 500.0 475.34 146.0 201.64 10.0 9.84 9.0 9.68 9.0 9.36 428.0 141.5 36.0 30.6 
445.0 436.94 394.0 250.76 9.0 9.44 500.0 475.34 187.0 202.58 8.0 9.76 10.0 9.68 9.0 9.34 229.0 142.02 48.0 30.78 
460.0 436.14 220.0 249.96 9.0 9.42 199.0 471.98 241.0 204.28 8.0 9.76 10.0 9.7 8.0 9.32 333.0 145.42 21.0 30.88 
341.0 432.96 500.0 257.98 8.0 9.4 500.0 471.98 197.0 204.82 8.0 9.64 9.0 9.64 9.0 9.32 448.0 150.42 33.0 30.74 
377.0 434.94 220.0 256.52 10.0 9.4 326.0 468.5 254.0 204.84 9.0 9.64 9.0 9.62 10.0 9.32 152.0 150.74 17.0 30.02 
339.0 433.86 255.0 259.96 10.0 9.4 500.0 468.5 243.0 205.42 9.0 9.62 12.0 9.68 10.0 9.32 500.0 157.92 19.0 29.96 
479.0 433.44 237.0 254.7 11.0 9.46 500.0 468.5 279.0 207.62 9.0 9.58 10.0 9.7 8.0 9.3 476.0 164.06 26.0 29.9 
500.0 433.86 440.0 259.38 10.0 9.48 500.0 471.32 249.0 209.06 8.0 9.52 9.0 9.66 10.0 9.34 287.0 167.18 33.0 30.02 
493.0 433.72 500.0 261.9 8.0 9.44 372.0 472.34 233.0 208.94 10.0 9.46 9.0 9.66 10.0 9.34 175.0 168.54 15.0 29.38 
500.0 433.72 500.0 269.96 10.0 9.46 500.0 476.14 363.0 211.76 9.0 9.46 9.0 9.68 11.0 9.38 367.0 173.36 16.0 28.9 
500.0 436.64 429.0 274.58 10.0 9.46 500.0 476.14 250.0 211.52 8.0 9.4 8.0 9.66 9.0 9.38 319.0 177.24 20.0 27.66 
500.0 436.64 500.0 280.54 9.0 9.46 500.0 476.14 277.0 210.88 9.0 9.38 9.0 9.66 10.0 9.36 171.0 178.64 8.0 27.38 
500.0 436.64 500.0 287.04 9.0 9.44 500.0 476.14 337.0 211.22 10.0 9.4 9.0 9.6 10.0 9.32 323.0 184.64 22.0 27.34 
500.0 436.64 500.0 291.1 8.0 9.4 500.0 476.14 348.0 213.22 10.0 9.4 10.0 9.58 8.0 9.3 421.0 191.82 23.0 27.36 
500.0 437.0 500.0 296.76 10.0 9.4 143.0 469.0 315.0 216.28 9.0 9.4 8.0 9.58 9.0 9.28 202.0 194.78 29.0 27.62 
404.0 435.08 395.0 300.72 9.0 9.36 500.0 469.0 305.0 216.42 12.0 9.46 12.0 9.66 11.0 9.3 371.0 200.3 21.0 27.68 
269.0 433.72 500.0 306.66 12.0 9.42 500.0 469.0 400.0 218.94 10.0 9.48 11.0 9.72 10.0 9.3 209.0 202.98 24.0 27.58 
500.0 433.72 283.0 310.24 10.0 9.42 358.0 466.16 359.0 220.56 11.0 9.52 9.0 9.7 10.0 9.3 218.0 206.38 29.0 27.44 
128.0 426.28 406.0 315.44 9.0 9.4 371.0 465.42 401.0 222.24 8.0 9.5 10.0 9.74 10.0 9.32 406.0 212.94 21.0 27.02 
500.0 426.28 452.0 320.12 10.0 9.44 282.0 461.06 500.0 227.16 9.0 9.5 9.0 9.72 11.0 9.38 267.0 216.36 22.0 26.88 
500.0 426.28 500.0 324.94 10.0 9.44 348.0 464.8 500.0 233.28 10.0 9.5 10.0 9.76 9.0 9.4 352.0 222.38 10.0 26.44 
500.0 426.28 437.0 332.48 9.0 9.44 123.0 457.26 500.0 239.32 9.0 9.52 10.0 9.78 8.0 9.38 278.0 226.88 36.0 26.66 
500.0 426.28 284.0 334.56 9.0 9.42 410.0 455.46 500.0 245.32 9.0 9.52 10.0 9.74 11.0 9.38 362.0 231.74 36.0 26.96 
500.0 427.02 246.0 333.4 9.0 9.4 348.0 452.42 500.0 251.62 10.0 9.52 8.0 9.74 8.0 9.36 297.0 237.2 19.0 26.52 
500.0 427.02 209.0 331.98 8.0 9.36 316.0 448.74 500.0 258.26 10.0 9.54 10.0 9.76 9.0 9.34 269.0 240.96 38.0 26.78 
500.0 427.58 112.0 329.68 10.0 9.4 320.0 445.14 500.0 265.02 11.0 9.54 9.0 9.74 9.0 9.36 270.0 245.04 31.0 26.86 
500.0 428.2 437.0 331.62 10.0 9.42 133.0 437.8 500.0 270.02 10.0 9.54 9.0 9.72 9.0 9.36 206.0 248.62 18.0 26.68 
407.0 426.34 149.0 327.82 8.0 9.38 120.0 430.2 500.0 275.02 11.0 9.5 10.0 9.72 9.0 9.36 204.0 251.88 18.0 26.08 
500.0 428.78 135.0 325.08 10.0 9.4 139.0 422.98 500.0 281.04 12.0 9.56 10.0 9.72 10.0 9.36 289.0 255.12 34.0 25.92 
312.0 429.74 194.0 323.86 9.0 9.36 283.0 418.64 500.0 287.7 10.0 9.54 8.0 9.68 8.0 9.34 273.0 258.3 54.0 26.66 
500.0 430.26 318.0 325.7 10.0 9.36 135.0 411.34 500.0 292.68 9.0 9.52 12.0 9.74 10.0 9.36 235.0 260.62 20.0 26.7 
161.0 423.48 171.0 323.1 9.0 9.38 118.0 403.7 500.0 299.14 11.0 9.56 10.0 9.76 10.0 9.38 115.0 261.04 32.0 26.76 
500.0 429.5 197.0 320.54 10.0 9.38 158.0 396.86 500.0 305.1 12.0 9.6 9.0 9.74 9.0 9.4 272.0 263.98 40.0 26.9 
500.0 429.82 151.0 319.98 9.0 9.38 332.0 393.5 500.0 310.18 10.0 9.6 10.0 9.74 9.0 9.36 244.0 266.56 23.0 26.8 
500.0 429.82 245.0 319.38 9.0 9.38 141.0 386.32 500.0 317.6 10.0 9.6 10.0 9.7 12.0 9.42 230.0 268.58 26.0 26.18 
500.0 429.82 180.0 321.46 10.0 9.4 149.0 379.3 500.0 323.88 9.0 9.62 8.0 9.68 10.0 9.42 194.0 268.7 47.0 26.82 
500.0 434.78 171.0 317.82 9.0 9.4 134.0 371.98 500.0 330.36 9.0 9.6 11.0 9.7 9.0 9.44 205.0 270.0 49.0 27.4 
500.0 439.06 198.0 314.58 9.0 9.4 179.0 365.56 500.0 337.46 10.0 9.6 10.0 9.68 8.0 9.4 95.0 268.86 29.0 27.36 
500.0 439.06 131.0 308.52 10.0 9.4 145.0 358.46 205.0 338.62 9.0 9.54 9.0 9.68 9.0 9.38 191.0 269.78 35.0 27.52 
500.0 442.14 282.0 308.64 10.0 9.38 118.0 350.82 500.0 345.26 9.0 9.56 10.0 9.68 9.0 9.38 207.0 269.3 28.0 27.5 
500.0 443.88 198.0 309.44 10.0 9.38 146.0 343.74 500.0 351.26 10.0 9.58 9.0 9.68 9.0 9.38 189.0 270.02 89.0 28.34 
500.0 445.64 193.0 308.26 9.0 9.38 266.0 339.06 500.0 358.48 11.0 9.58 10.0 9.64 10.0 9.38 179.0 270.72 51.0 28.88 
500.0 447.54 181.0 303.84 9.0 9.36 129.0 331.64 251.0 360.5 10.0 9.6 9.0 9.64 9.0 9.4 157.0 270.54 34.0 29.32 
500.0 450.36 175.0 303.24 8.0 9.36 170.0 325.04 308.0 363.48 9.0 9.6 11.0 9.62 9.0 9.42 170.0 270.14 34.0 29.02 
500.0 451.78 136.0 300.34 9.0 9.36 105.0 317.14 358.0 367.62 9.0 9.58 9.0 9.6 9.0 9.4 128.0 264.72 22.0 28.78 
482.0 453.38 177.0 299.84 9.0 9.36 167.0 310.48 346.0 371.36 8.0 9.56 10.0 9.62 11.0 9.42 149.0 262.48 26.0 28.82 
495.0 457.92 299.0 297.3 9.0 9.34 141.0 303.3 322.0 374.2 9.0 9.56 9.0 9.62 8.0 9.4 127.0 260.5 36.0 29.1 
500.0 457.92 305.0 299.06 9.0 9.36 141.0 296.12 245.0 375.32 9.0 9.54 8.0 9.58 10.0 9.42 127.0 256.14 28.0 29.38 
488.0 461.6 254.0 299.68 10.0 9.36 139.0 292.08 241.0 376.7 9.0 9.54 8.0 9.56 9.0 9.42 22.0 250.96 34.0 29.52 
244.0 456.48 258.0 303.08 9.0 9.36 151.0 285.1 287.0 378.94 11.0 9.58 9.0 9.52 9.0 9.4 126.0 249.28 27.0 29.74 
500.0 456.48 350.0 300.08 10.0 9.38 141.0 277.92 254.0 381.1 11.0 9.6 9.0 9.52 9.0 9.4 113.0 242.98 27.0 29.56 
486.0 457.3 364.0 299.48 10.0 9.4 172.0 271.36 251.0 382.38 9.0 9.62 10.0 9.52 9.0 9.4 116.0 240.72 33.0 29.26 
328.0 454.66 230.0 299.68 10.0 9.42 146.0 270.3 232.0 382.2 10.0 9.66 13.0 9.58 9.0 9.42 108.0 236.22 36.0 29.56 
309.0 454.02 174.0 293.16 9.0 9.44 140.0 263.1 230.0 382.86 10.0 9.7 9.0 9.58 10.0 9.44 111.0 229.48 17.0 29.24 
196.0 450.4 304.0 294.84 8.0 9.4 147.0 259.52 241.0 382.6 10.0 9.72 8.0 9.56 10.0 9.44 105.0 228.54 21.0 29.32 
206.0 447.74 181.0 293.36 8.0 9.36 136.0 252.24 255.0 382.84 9.0 9.72 12.0 9.56 9.0 9.42 20.0 218.94 25.0 29.44 
301.0 444.18 299.0 294.6 10.0 9.34 22.0 242.68 252.0 382.3 10.0 9.74 10.0 9.56 8.0 9.42 113.0 211.68 25.0 29.42 
376.0 441.7 180.0 289.4 8.0 9.3 160.0 235.88 259.0 382.5 10.0 9.78 8.0 9.54 9.0 9.4 107.0 208.08 30.0 29.36 
256.0 436.96 46.0 280.32 9.0 9.32 163.0 231.7 256.0 382.96 10.0 9.78 9.0 9.54 9.0 9.38 28.0 205.14 24.0 29.54 
323.0 433.42 350.0 277.32 9.0 9.3 154.0 224.78 248.0 380.66 9.0 9.78 9.0 9.54 9.0 9.34 39.0 198.58 30.0 29.82 
297.0 429.36 207.0 272.88 9.0 9.28 154.0 217.86 283.0 381.32 10.0 9.82 9.0 9.56 10.0 9.36 17.0 192.54 43.0 30.28 
234.0 424.04 215.0 267.18 9.0 9.28 160.0 211.06 357.0 382.92 9.0 9.82 10.0 9.58 9.0 9.34 35.0 189.82 31.0 30.74 
271.0 419.46 38.0 257.94 10.0 9.3 165.0 204.36 370.0 383.58 11.0 9.84 17.0 9.74 9.0 9.32 27.0 183.9 15.0 30.6 
359.0 416.64 494.0 257.82 9.0 9.32 182.0 198.0 287.0 382.36 8.0 9.8 9.0 9.72 10.0 9.36 26.0 176.0 72.0 31.58 
316.0 412.96 305.0 253.92 9.0 9.3 163.0 198.4 390.0 383.86 10.0 9.82 8.0 9.72 8.0 9.34 79.0 173.54 27.0 31.54 
