12.0 12.0 15.0 15.0 24.0 24.0 20.0 20.0 9.0 9.0 28.0 28.0 18.0 18.0 24.0 24.0 16.0 16.0 13.0 13.0 
17.0 14.5 23.0 19.0 43.0 33.5 37.0 28.5 13.0 11.0 9.0 18.5 28.0 23.0 32.0 28.0 17.0 16.5 44.0 28.5 
58.0 29.0 22.0 20.0 11.0 26.0 20.0 25.666666666666668 12.0 11.333333333333334 32.0 23.0 17.0 21.0 15.0 23.666666666666668 10.0 14.333333333333334 11.0 22.666666666666668 
53.0 35.0 43.0 25.75 29.0 26.75 13.0 22.5 11.0 11.25 16.0 21.25 51.0 28.5 21.0 23.0 13.0 14.0 29.0 24.25 
33.0 34.6 25.0 25.6 15.0 24.4 49.0 27.8 9.0 10.8 15.0 20.0 57.0 34.2 17.0 21.8 9.0 13.0 23.0 24.0 
37.0 35.0 23.0 25.166666666666668 16.0 23.0 31.0 28.333333333333332 8.0 10.333333333333334 25.0 20.833333333333332 37.0 34.666666666666664 32.0 23.5 12.0 12.833333333333334 21.0 23.5 
30.0 34.285714285714285 25.0 25.142857142857142 18.0 22.285714285714285 17.0 26.714285714285715 16.0 11.142857142857142 20.0 20.714285714285715 16.0 32.0 23.0 23.428571428571427 17.0 13.428571428571429 21.0 23.142857142857142 
31.0 33.875 26.0 25.25 11.0 20.875 11.0 24.75 36.0 14.25 11.0 19.5 12.0 29.5 12.0 22.0 28.0 15.25 25.0 23.375 
13.0 31.555555555555557 19.0 24.555555555555557 10.0 19.666666666666668 49.0 27.444444444444443 13.0 14.11111111111111 22.0 19.77777777777778 18.0 28.22222222222222 32.0 23.11111111111111 14.0 15.11111111111111 11.0 22.0 
31.0 31.5 42.0 26.3 31.0 20.8 11.0 25.8 17.0 14.4 31.0 20.9 38.0 29.2 11.0 21.9 28.0 16.4 24.0 22.2 
16.0 30.09090909090909 32.0 26.818181818181817 18.0 20.545454545454547 21.0 25.363636363636363 15.0 14.454545454545455 59.0 24.363636363636363 20.0 28.363636363636363 20.0 21.727272727272727 15.0 16.272727272727273 33.0 23.181818181818183 
30.0 30.083333333333332 42.0 28.083333333333332 12.0 19.833333333333332 17.0 24.666666666666668 13.0 14.333333333333334 16.0 23.666666666666668 19.0 27.583333333333332 15.0 21.166666666666668 14.0 16.083333333333332 22.0 23.083333333333332 
16.0 29.0 18.0 27.307692307692307 17.0 19.615384615384617 13.0 23.76923076923077 12.0 14.153846153846153 47.0 25.46153846153846 34.0 28.076923076923077 32.0 22.0 12.0 15.76923076923077 12.0 22.23076923076923 
12.0 27.785714285714285 21.0 26.857142857142858 13.0 19.142857142857142 53.0 25.857142857142858 24.0 14.857142857142858 32.0 25.928571428571427 21.0 27.571428571428573 24.0 22.142857142857142 21.0 16.142857142857142 34.0 23.071428571428573 
20.0 27.266666666666666 39.0 27.666666666666668 16.0 18.933333333333334 18.0 25.333333333333332 15.0 14.866666666666667 18.0 25.4 40.0 28.4 26.0 22.4 14.0 16.0 11.0 22.266666666666666 
24.0 27.0625 14.0 26.8125 18.0 18.875 47.0 26.6875 13.0 14.75 33.0 25.875 15.0 27.5625 20.0 22.25 24.0 16.5 21.0 22.1875 
17.0 26.470588235294116 13.0 26.0 23.0 19.11764705882353 11.0 25.764705882352942 10.0 14.470588235294118 10.0 24.941176470588236 18.0 27.0 31.0 22.764705882352942 14.0 16.352941176470587 41.0 23.294117647058822 
25.0 26.38888888888889 20.0 25.666666666666668 14.0 18.833333333333332 27.0 25.833333333333332 12.0 14.333333333333334 53.0 26.5 27.0 27.0 13.0 22.22222222222222 26.0 16.88888888888889 38.0 24.11111111111111 
13.0 25.68421052631579 27.0 25.736842105263158 65.0 21.263157894736842 21.0 25.57894736842105 24.0 14.842105263157896 16.0 25.94736842105263 10.0 26.105263157894736 10.0 21.57894736842105 19.0 17.0 29.0 24.36842105263158 
32.0 26.0 20.0 25.45 20.0 21.2 25.0 25.55 13.0 14.75 30.0 26.15 12.0 25.4 18.0 21.4 33.0 17.8 18.0 24.05 
14.0 25.428571428571427 25.0 25.428571428571427 51.0 22.61904761904762 10.0 24.80952380952381 25.0 15.238095238095237 24.0 26.047619047619047 28.0 25.523809523809526 66.0 23.523809523809526 50.0 19.333333333333332 26.0 24.142857142857142 
47.0 26.40909090909091 55.0 26.772727272727273 16.0 22.318181818181817 20.0 24.59090909090909 41.0 16.40909090909091 45.0 26.90909090909091 15.0 25.045454545454547 11.0 22.954545454545453 37.0 20.136363636363637 33.0 24.545454545454547 
10.0 25.695652173913043 32.0 27.0 39.0 23.043478260869566 29.0 24.782608695652176 16.0 16.391304347826086 18.0 26.52173913043478 24.0 25.0 14.0 22.565217391304348 13.0 19.82608695652174 22.0 24.434782608695652 
16.0 25.291666666666668 23.0 26.833333333333332 18.0 22.833333333333332 52.0 25.916666666666668 18.0 16.458333333333332 30.0 26.666666666666668 33.0 25.333333333333332 14.0 22.208333333333332 16.0 19.666666666666668 24.0 24.416666666666668 
20.0 25.08 13.0 26.28 35.0 23.32 25.0 25.88 10.0 16.2 29.0 26.76 12.0 24.8 19.0 22.08 15.0 19.48 13.0 23.96 
13.0 24.615384615384617 12.0 25.73076923076923 29.0 23.53846153846154 67.0 27.46153846153846 18.0 16.26923076923077 19.0 26.46153846153846 13.0 24.346153846153847 23.0 22.115384615384617 82.0 21.884615384615383 17.0 23.692307692307693 
15.0 24.25925925925926 36.0 26.11111111111111 20.0 23.40740740740741 14.0 26.962962962962962 28.0 16.703703703703702 18.0 26.14814814814815 17.0 24.074074074074073 13.0 21.77777777777778 17.0 21.703703703703702 27.0 23.814814814814813 
12.0 23.821428571428573 26.0 26.107142857142858 26.0 23.5 37.0 27.321428571428573 21.0 16.857142857142858 45.0 26.821428571428573 19.0 23.892857142857142 12.0 21.428571428571427 24.0 21.785714285714285 24.0 23.821428571428573 
31.0 24.06896551724138 21.0 25.93103448275862 15.0 23.20689655172414 24.0 27.20689655172414 14.0 16.75862068965517 20.0 26.586206896551722 11.0 23.448275862068964 28.0 21.655172413793103 15.0 21.551724137931036 13.0 23.448275862068964 
16.0 23.8 38.0 26.333333333333332 58.0 24.366666666666667 18.0 26.9 19.0 16.833333333333332 44.0 27.166666666666668 13.0 23.1 14.0 21.4 13.0 21.266666666666666 60.0 24.666666666666668 
15.0 23.516129032258064 21.0 26.161290322580644 15.0 24.06451612903226 34.0 27.129032258064516 15.0 16.774193548387096 41.0 27.612903225806452 10.0 22.677419354838708 21.0 21.387096774193548 27.0 21.451612903225808 28.0 24.774193548387096 
13.0 23.1875 32.0 26.34375 22.0 24.0 32.0 27.28125 10.0 16.5625 51.0 28.34375 18.0 22.53125 38.0 21.90625 27.0 21.625 25.0 24.78125 
9.0 22.757575757575758 10.0 25.848484848484848 21.0 23.90909090909091 18.0 27.0 21.0 16.696969696969695 12.0 27.848484848484848 28.0 22.696969696969695 22.0 21.90909090909091 29.0 21.848484848484848 39.0 25.21212121212121 
10.0 22.38235294117647 16.0 25.558823529411764 32.0 24.147058823529413 39.0 27.352941176470587 47.0 17.58823529411765 45.0 28.352941176470587 9.0 22.294117647058822 11.0 21.58823529411765 28.0 22.029411764705884 41.0 25.676470588235293 
11.0 22.057142857142857 28.0 25.62857142857143 20.0 24.02857142857143 37.0 27.62857142857143 12.0 17.428571428571427 32.0 28.457142857142856 13.0 22.02857142857143 15.0 21.4 14.0 21.8 11.0 25.257142857142856 
13.0 21.805555555555557 18.0 25.416666666666668 20.0 23.916666666666668 29.0 27.666666666666668 11.0 17.25 21.0 28.25 11.0 21.72222222222222 30.0 21.63888888888889 21.0 21.77777777777778 19.0 25.083333333333332 
11.0 21.513513513513512 25.0 25.405405405405407 141.0 27.08108108108108 21.0 27.486486486486488 29.0 17.56756756756757 21.0 28.054054054054053 15.0 21.54054054054054 12.0 21.37837837837838 15.0 21.594594594594593 11.0 24.7027027027027 
15.0 21.342105263157894 26.0 25.42105263157895 63.0 28.026315789473685 62.0 28.394736842105264 9.0 17.342105263157894 20.0 27.842105263157894 8.0 21.18421052631579 46.0 22.026315789473685 29.0 21.789473684210527 83.0 26.236842105263158 
12.0 21.102564102564102 20.0 25.28205128205128 53.0 28.666666666666668 28.0 28.384615384615383 16.0 17.307692307692307 90.0 29.435897435897434 28.0 21.358974358974358 21.0 22.0 16.0 21.641025641025642 52.0 26.897435897435898 
13.0 20.9 12.0 24.95 14.0 28.3 17.0 28.1 10.0 17.125 21.0 29.225 12.0 21.125 22.0 22.0 16.0 21.5 13.0 26.55 
21.0 20.902439024390244 48.0 25.51219512195122 11.0 27.878048780487806 56.0 28.78048780487805 10.0 16.951219512195124 12.0 28.804878048780488 9.0 20.829268292682926 39.0 22.414634146341463 73.0 22.75609756097561 23.0 26.463414634146343 
66.0 21.976190476190474 27.0 25.547619047619047 37.0 28.095238095238095 49.0 29.261904761904763 9.0 16.761904761904763 38.0 29.023809523809526 11.0 20.595238095238095 35.0 22.714285714285715 14.0 22.547619047619047 14.0 26.166666666666668 
27.0 22.093023255813954 63.0 26.41860465116279 27.0 28.069767441860463 25.0 29.162790697674417 11.0 16.627906976744185 38.0 29.232558139534884 20.0 20.58139534883721 37.0 23.046511627906977 34.0 22.813953488372093 37.0 26.41860465116279 
13.0 21.886363636363637 14.0 26.136363636363637 39.0 28.318181818181817 63.0 29.931818181818183 18.0 16.65909090909091 88.0 30.568181818181817 16.0 20.477272727272727 12.0 22.795454545454547 43.0 23.272727272727273 46.0 26.863636363636363 
23.0 21.91111111111111 16.0 25.91111111111111 33.0 28.42222222222222 19.0 29.68888888888889 13.0 16.57777777777778 52.0 31.044444444444444 11.0 20.266666666666666 36.0 23.08888888888889 69.0 24.288888888888888 29.0 26.91111111111111 
28.0 22.043478260869566 21.0 25.804347826086957 37.0 28.608695652173914 71.0 30.58695652173913 11.0 16.456521739130434 37.0 31.17391304347826 11.0 20.065217391304348 23.0 23.08695652173913 39.0 24.608695652173914 36.0 27.108695652173914 
12.0 21.829787234042552 35.0 26.0 25.0 28.53191489361702 20.0 30.361702127659573 13.0 16.382978723404257 61.0 31.80851063829787 11.0 19.872340425531913 24.0 23.106382978723403 22.0 24.5531914893617 17.0 26.893617021276597 
12.0 21.625 19.0 25.854166666666668 27.0 28.5 46.0 30.6875 8.0 16.208333333333332 55.0 32.291666666666664 15.0 19.770833333333332 35.0 23.354166666666668 40.0 24.875 23.0 26.8125 
10.0 21.387755102040817 11.0 25.551020408163264 92.0 29.79591836734694 20.0 30.46938775510204 16.0 16.20408163265306 178.0 35.265306122448976 14.0 19.653061224489797 107.0 25.06122448979592 26.0 24.897959183673468 15.0 26.571428571428573 
19.0 21.34 39.0 25.82 32.0 29.84 32.0 30.5 9.0 16.06 58.0 35.72 8.0 19.42 22.0 25.0 47.0 25.34 28.0 26.6 
13.0 21.36 27.0 26.06 98.0 31.32 14.0 30.38 9.0 16.06 43.0 36.02 19.0 19.44 22.0 24.96 59.0 26.2 16.0 26.66 
10.0 21.22 83.0 27.26 47.0 31.4 63.0 30.9 11.0 16.02 89.0 37.62 10.0 19.08 23.0 24.78 82.0 27.5 37.0 26.52 
15.0 20.36 15.0 27.12 46.0 32.1 14.0 30.78 12.0 16.02 33.0 37.64 11.0 18.96 14.0 24.76 37.0 28.04 25.0 26.8 
15.0 19.6 27.0 26.8 13.0 31.78 28.0 31.08 15.0 16.1 45.0 38.22 12.0 18.18 18.0 24.7 71.0 29.2 29.0 26.8 
18.0 19.3 59.0 27.48 59.0 32.66 112.0 32.34 11.0 16.14 65.0 39.22 10.0 17.24 12.0 24.6 91.0 30.84 21.0 26.76 
12.0 18.8 16.0 27.34 30.0 32.94 22.0 32.16 12.0 16.22 38.0 39.48 12.0 16.74 10.0 24.16 41.0 31.42 21.0 26.76 
15.0 18.5 52.0 27.88 14.0 32.86 13.0 32.08 20.0 16.3 63.0 40.34 12.0 16.66 23.0 24.16 14.0 31.36 15.0 26.64 
10.0 18.08 29.0 27.94 22.0 33.08 15.0 32.16 12.0 15.82 28.0 40.68 17.0 16.76 24.0 24.4 46.0 31.72 11.0 26.36 
15.0 18.12 21.0 27.98 21.0 33.3 25.0 31.68 10.0 15.76 59.0 41.42 13.0 16.66 18.0 24.12 63.0 32.7 17.0 26.48 
17.0 17.84 36.0 27.86 16.0 33.0 47.0 32.4 10.0 15.62 35.0 41.5 11.0 16.12 22.0 24.34 33.0 32.8 36.0 26.72 
9.0 17.7 41.0 28.04 39.0 33.42 20.0 32.38 14.0 15.6 60.0 41.52 10.0 15.92 15.0 24.24 136.0 35.22 22.0 26.5 
10.0 17.3 15.0 27.5 15.0 33.48 15.0 32.34 9.0 15.52 68.0 42.56 9.0 15.72 12.0 24.18 35.0 35.64 15.0 26.36 
11.0 17.2 14.0 27.42 14.0 33.42 19.0 32.46 16.0 15.6 65.0 42.92 9.0 15.22 12.0 23.78 115.0 37.7 21.0 26.54 
14.0 17.24 20.0 27.4 15.0 33.46 10.0 31.6 10.0 15.32 61.0 43.5 14.0 15.08 12.0 23.54 226.0 41.8 19.0 26.24 
13.0 17.1 87.0 28.36 41.0 33.96 22.0 31.68 15.0 15.32 37.0 43.88 11.0 14.5 22.0 23.46 89.0 43.3 15.0 26.32 
12.0 16.86 41.0 28.9 15.0 33.9 37.0 31.48 11.0 15.28 62.0 44.46 17.0 14.54 30.0 23.66 90.0 44.62 59.0 27.08 
27.0 17.06 39.0 29.42 18.0 33.8 18.0 31.62 10.0 15.28 92.0 46.1 11.0 14.4 11.0 23.26 76.0 45.86 33.0 26.92 
9.0 16.74 19.0 29.4 23.0 33.98 18.0 31.44 9.0 15.22 43.0 45.9 9.0 14.04 18.0 23.36 70.0 46.74 23.0 26.62 
12.0 16.72 73.0 30.32 12.0 32.92 19.0 31.4 16.0 15.06 62.0 46.82 10.0 14.04 22.0 23.6 118.0 48.72 13.0 26.3 
9.0 16.26 37.0 30.66 23.0 32.98 13.0 31.16 11.0 15.02 53.0 47.28 12.0 14.04 39.0 24.02 154.0 51.14 25.0 26.44 
9.0 16.16 53.0 31.22 15.0 32.26 25.0 31.46 10.0 14.72 58.0 47.96 13.0 13.74 43.0 23.56 150.0 53.14 20.0 26.32 
13.0 15.48 91.0 31.94 15.0 32.24 10.0 31.26 9.0 14.08 146.0 49.98 9.0 13.62 15.0 23.64 33.0 53.06 20.0 26.06 
12.0 15.52 44.0 32.18 8.0 31.62 12.0 30.92 10.0 13.96 78.0 51.18 9.0 13.32 36.0 24.08 85.0 54.5 67.0 26.96 
11.0 15.42 27.0 32.26 17.0 31.6 21.0 30.3 10.0 13.8 139.0 53.36 10.0 12.86 13.0 24.06 162.0 57.42 15.0 26.78 
13.0 15.28 131.0 34.62 8.0 31.06 26.0 30.32 19.0 13.98 68.0 54.14 11.0 12.84 21.0 24.1 277.0 62.66 47.0 27.46 
9.0 15.2 30.0 34.98 12.0 30.72 20.0 29.38 8.0 13.78 72.0 55.2 15.0 12.88 22.0 24.08 161.0 64.24 29.0 27.7 
10.0 15.1 47.0 35.2 14.0 30.6 21.0 29.52 11.0 13.44 44.0 55.72 10.0 12.74 17.0 24.16 134.0 66.58 17.0 27.5 
10.0 15.06 66.0 36.0 13.0 30.34 17.0 29.12 11.0 13.24 37.0 55.56 10.0 12.56 9.0 24.1 237.0 70.84 24.0 27.5 
20.0 14.84 21.0 36.0 17.0 30.38 13.0 28.9 13.0 13.22 74.0 56.64 10.0 12.54 22.0 23.98 210.0 74.74 31.0 27.86 
11.0 14.74 59.0 36.42 12.0 29.46 11.0 28.76 22.0 13.28 29.0 56.34 15.0 12.58 10.0 23.9 142.0 77.32 20.0 27.06 
15.0 14.74 87.0 37.74 19.0 29.54 15.0 28.38 19.0 13.36 130.0 58.12 9.0 12.56 57.0 24.62 33.0 77.44 70.0 27.9 
9.0 14.66 25.0 37.6 12.0 29.34 33.0 28.4 13.0 13.42 111.0 59.32 10.0 12.4 10.0 24.06 98.0 78.86 37.0 28.14 
9.0 14.66 33.0 38.06 13.0 29.18 13.0 28.3 9.0 13.18 114.0 61.36 12.0 12.08 14.0 23.9 185.0 81.98 34.0 28.04 
9.0 14.64 39.0 38.52 10.0 28.74 15.0 27.82 20.0 12.64 101.0 62.48 12.0 12.14 9.0 23.86 195.0 85.32 34.0 27.9 
11.0 14.64 43.0 38.82 12.0 28.58 17.0 27.42 14.0 12.68 71.0 63.26 12.0 12.12 10.0 23.76 62.0 86.28 18.0 28.04 
9.0 14.56 80.0 40.06 9.0 28.36 15.0 27.14 11.0 12.68 130.0 65.44 12.0 12.14 31.0 23.78 140.0 88.66 23.0 28.12 
9.0 14.52 46.0 40.48 13.0 25.8 15.0 27.02 12.0 12.34 147.0 67.96 11.0 12.06 15.0 23.84 222.0 92.8 18.0 28.26 
18.0 14.58 47.0 40.9 14.0 24.82 72.0 27.22 9.0 12.34 51.0 68.58 10.0 12.1 14.0 23.2 129.0 94.8 14.0 26.88 
13.0 14.6 32.0 41.14 13.0 24.02 23.0 27.12 15.0 12.32 68.0 68.14 11.0 11.76 11.0 23.0 130.0 97.08 34.0 26.52 
10.0 14.54 25.0 41.4 16.0 24.06 32.0 27.42 14.0 12.4 41.0 68.54 18.0 11.88 20.0 22.96 91.0 98.58 36.0 26.98 
10.0 14.32 23.0 40.9 11.0 24.06 17.0 26.64 15.0 12.5 60.0 69.5 13.0 11.96 16.0 22.5 174.0 100.6 97.0 28.46 
16.0 13.32 86.0 42.08 9.0 23.5 12.0 25.9 11.0 12.54 118.0 71.1 10.0 11.94 19.0 22.18 159.0 103.5 22.0 28.62 
10.0 12.98 85.0 42.52 18.0 23.32 12.0 25.64 11.0 12.54 85.0 72.04 11.0 11.76 21.0 21.86 45.0 103.72 61.0 29.1 
10.0 12.92 54.0 43.32 12.0 22.78 54.0 25.46 14.0 12.46 224.0 74.76 10.0 11.64 27.0 22.16 129.0 105.44 28.0 28.74 
13.0 12.72 87.0 44.74 13.0 22.38 31.0 25.7 11.0 12.42 56.0 74.84 17.0 11.76 15.0 21.74 54.0 105.14 19.0 28.54 
9.0 12.34 111.0 46.54 13.0 21.9 31.0 24.9 9.0 12.38 123.0 76.56 16.0 11.86 10.0 21.48 89.0 106.14 35.0 28.52 
9.0 12.28 22.0 46.28 15.0 21.7 77.0 26.04 15.0 12.42 150.0 78.34 14.0 11.92 18.0 21.36 116.0 108.02 70.0 29.58 
13.0 12.3 107.0 48.04 11.0 21.38 47.0 26.06 11.0 12.48 94.0 79.12 12.0 11.86 13.0 20.92 123.0 109.68 80.0 30.72 
11.0 12.32 26.0 48.34 12.0 19.78 10.0 25.86 10.0 12.36 184.0 79.24 13.0 11.84 10.0 18.98 160.0 112.36 89.0 32.2 
14.0 12.22 52.0 48.6 24.0 19.62 42.0 26.06 9.0 12.36 144.0 80.96 21.0 12.1 14.0 18.82 130.0 114.02 46.0 32.56 
10.0 12.16 105.0 50.16 11.0 17.88 12.0 26.02 14.0 12.46 106.0 82.22 15.0 12.02 14.0 18.66 202.0 116.88 76.0 33.76 
18.0 12.32 80.0 50.1 16.0 17.26 19.0 25.14 10.0 12.44 22.0 80.88 15.0 12.12 16.0 18.52 144.0 118.12 106.0 35.14 
10.0 12.22 23.0 50.26 20.0 16.74 26.0 25.38 12.0 12.44 110.0 82.42 9.0 12.08 17.0 18.58 150.0 120.38 68.0 36.0 
11.0 12.14 12.0 49.96 20.0 16.88 52.0 25.86 10.0 12.34 115.0 83.82 16.0 12.16 16.0 18.54 121.0 121.38 57.0 36.56 
13.0 12.04 25.0 49.28 38.0 16.46 27.0 24.16 13.0 12.38 195.0 86.42 13.0 12.22 14.0 18.58 80.0 121.16 59.0 37.32 
9.0 11.98 99.0 50.94 13.0 16.12 14.0 24.0 11.0 12.36 101.0 87.68 10.0 12.18 14.0 18.66 115.0 122.64 41.0 37.72 
11.0 11.9 14.0 50.18 19.0 16.22 30.0 24.34 12.0 12.2 239.0 91.2 12.0 12.18 14.0 18.48 40.0 123.16 124.0 39.9 
14.0 11.98 42.0 50.44 12.0 16.02 21.0 24.46 12.0 12.2 93.0 92.5 15.0 12.14 8.0 18.16 159.0 125.42 19.0 40.06 
10.0 11.88 151.0 53.04 12.0 15.84 71.0 25.38 10.0 12.2 167.0 94.66 14.0 12.16 11.0 18.02 113.0 126.42 20.0 40.12 
9.0 11.72 38.0 53.08 14.0 15.8 42.0 25.28 17.0 12.34 118.0 96.32 10.0 12.14 13.0 17.84 193.0 129.62 50.0 40.4 
10.0 11.74 38.0 53.02 29.0 15.6 119.0 27.26 9.0 12.24 44.0 96.0 12.0 12.18 14.0 17.82 224.0 131.38 124.0 42.44 
10.0 11.74 68.0 54.08 19.0 15.68 104.0 29.04 10.0 12.26 153.0 97.7 14.0 12.28 12.0 17.82 198.0 134.64 14.0 42.42 
13.0 11.78 97.0 55.74 10.0 15.6 47.0 29.6 13.0 12.2 182.0 100.04 11.0 12.32 22.0 18.02 195.0 136.24 11.0 42.22 
10.0 11.7 67.0 56.68 10.0 15.5 40.0 30.2 9.0 12.18 99.0 100.8 13.0 12.3 12.0 18.02 500.0 141.72 67.0 43.18 
9.0 11.62 37.0 55.68 15.0 14.98 62.0 31.0 9.0 12.06 73.0 101.52 12.0 12.32 18.0 17.94 326.0 146.46 72.0 44.32 
8.0 11.54 36.0 55.58 14.0 14.96 172.0 33.7 10.0 12.04 136.0 103.0 15.0 12.28 25.0 17.84 230.0 149.26 115.0 45.44 
11.0 11.22 177.0 58.34 22.0 15.04 46.0 34.26 10.0 12.04 134.0 103.84 14.0 12.34 15.0 17.92 199.0 151.72 35.0 45.48 
10.0 11.24 157.0 61.1 33.0 15.24 85.0 35.6 13.0 12.12 122.0 105.42 14.0 12.44 10.0 17.76 430.0 158.92 65.0 46.32 
9.0 11.18 57.0 60.78 10.0 15.2 92.0 37.06 12.0 12.04 115.0 106.48 26.0 12.76 18.0 17.68 197.0 160.5 57.0 47.2 
10.0 11.2 204.0 64.12 15.0 15.04 56.0 37.92 9.0 12.0 122.0 107.86 10.0 12.72 23.0 17.36 232.0 162.06 18.0 47.06 
8.0 11.18 128.0 65.62 10.0 14.94 52.0 38.46 10.0 12.0 81.0 108.32 12.0 12.7 11.0 16.72 138.0 161.82 29.0 47.24 
11.0 11.14 127.0 66.34 14.0 14.92 97.0 40.2 8.0 11.98 84.0 107.08 13.0 12.78 15.0 16.72 192.0 165.0 31.0 47.46 
10.0 11.1 30.0 66.06 14.0 15.04 91.0 41.78 9.0 11.96 57.0 106.66 9.0 12.78 11.0 16.22 360.0 170.5 73.0 47.58 
11.0 11.1 31.0 66.14 15.0 15.0 52.0 42.4 12.0 12.0 149.0 106.86 20.0 12.98 22.0 16.4 163.0 170.52 93.0 49.14 
8.0 11.0 67.0 64.86 12.0 15.08 48.0 42.84 12.0 11.86 177.0 109.04 12.0 13.0 14.0 16.26 255.0 170.08 25.0 48.7 
8.0 10.98 154.0 67.34 17.0 15.18 164.0 45.72 8.0 11.86 175.0 111.1 10.0 12.9 9.0 16.0 221.0 171.28 59.0 49.3 
9.0 10.96 159.0 69.58 17.0 15.24 76.0 46.82 9.0 11.82 123.0 112.68 14.0 12.98 11.0 15.88 148.0 171.56 31.0 49.58 
9.0 10.94 130.0 70.86 11.0 15.2 79.0 48.06 9.0 11.78 121.0 114.36 9.0 12.96 18.0 16.06 152.0 169.86 58.0 50.26 
10.0 10.74 32.0 71.08 14.0 15.14 134.0 50.48 10.0 11.72 113.0 115.14 16.0 13.08 19.0 16.0 312.0 171.9 54.0 50.72 
10.0 10.72 22.0 70.34 14.0 15.18 193.0 54.12 10.0 11.48 123.0 117.02 9.0 12.96 11.0 16.02 80.0 170.66 123.0 52.78 
10.0 10.62 111.0 70.82 10.0 15.0 20.0 54.22 14.0 11.38 132.0 117.06 13.0 13.04 17.0 15.22 399.0 177.98 66.0 52.7 
18.0 10.8 248.0 75.28 12.0 15.0 99.0 55.54 15.0 11.42 102.0 116.88 10.0 13.04 11.0 15.24 227.0 180.56 136.0 54.68 
15.0 10.92 53.0 75.68 26.0 15.26 131.0 57.9 10.0 11.44 222.0 119.04 11.0 13.02 18.0 15.32 319.0 183.24 39.0 54.78 
10.0 10.94 119.0 77.28 17.0 15.4 150.0 60.6 10.0 11.24 58.0 118.18 13.0 13.04 16.0 15.46 443.0 188.2 71.0 55.52 
10.0 10.92 118.0 78.78 28.0 15.72 111.0 62.48 9.0 11.14 19.0 117.14 14.0 13.08 10.0 15.46 251.0 191.98 214.0 59.44 
10.0 10.94 39.0 77.96 19.0 15.92 46.0 63.1 9.0 11.1 117.0 116.88 13.0 13.1 17.0 15.18 224.0 193.66 63.0 60.24 
12.0 11.0 193.0 80.9 24.0 16.14 68.0 64.16 9.0 11.04 28.0 114.5 15.0 13.18 18.0 15.24 290.0 195.02 167.0 63.22 
15.0 10.94 97.0 81.9 47.0 16.8 48.0 63.68 9.0 11.04 28.0 114.04 16.0 13.3 15.0 15.26 215.0 196.74 156.0 66.06 
10.0 10.88 80.0 82.86 20.0 16.94 174.0 66.7 10.0 10.94 30.0 113.28 17.0 13.42 8.0 15.2 241.0 198.96 75.0 66.88 
9.0 10.86 184.0 86.04 15.0 16.92 111.0 68.28 11.0 10.88 93.0 114.32 14.0 13.34 37.0 15.54 129.0 199.72 42.0 67.0 
10.0 10.86 68.0 86.94 24.0 17.18 45.0 68.84 12.0 10.82 125.0 115.62 9.0 13.26 11.0 15.44 373.0 203.7 48.0 66.02 
11.0 10.76 142.0 88.06 16.0 17.32 100.0 70.6 10.0 10.8 56.0 114.38 12.0 13.3 9.0 15.24 247.0 205.46 122.0 68.02 
9.0 10.74 230.0 90.96 24.0 17.44 75.0 71.86 12.0 10.82 20.0 113.08 13.0 13.34 15.0 15.12 276.0 210.08 33.0 67.46 
8.0 10.7 63.0 91.14 14.0 17.48 76.0 72.3 11.0 10.76 136.0 111.32 12.0 13.38 11.0 14.8 123.0 209.96 157.0 70.04 
9.0 10.62 54.0 90.48 17.0 17.56 198.0 75.64 10.0 10.74 125.0 112.7 17.0 13.38 22.0 14.94 395.0 216.78 42.0 70.5 
10.0 10.64 170.0 91.66 14.0 17.58 91.0 76.84 14.0 10.84 85.0 111.94 15.0 13.36 20.0 15.14 176.0 218.52 266.0 75.12 
11.0 10.68 368.0 98.58 18.0 17.64 72.0 76.74 15.0 10.84 104.0 111.02 9.0 13.26 17.0 15.12 181.0 219.82 83.0 75.38 
12.0 10.66 154.0 99.52 30.0 18.02 104.0 77.88 10.0 10.82 49.0 110.12 12.0 13.26 16.0 15.18 222.0 221.8 34.0 74.46 
9.0 10.62 107.0 101.14 21.0 18.2 106.0 79.8 10.0 10.82 122.0 108.88 12.0 13.24 20.0 15.38 274.0 224.08 39.0 73.46 
10.0 10.54 176.0 103.62 23.0 18.18 127.0 81.5 13.0 10.9 95.0 107.9 14.0 13.1 11.0 15.32 322.0 227.92 61.0 73.76 
9.0 10.52 109.0 103.7 10.0 18.16 87.0 83.0 8.0 10.78 214.0 110.06 10.0 13.0 12.0 15.28 134.0 226.56 19.0 72.62 
10.0 10.36 128.0 104.66 17.0 18.18 77.0 84.16 9.0 10.76 274.0 115.1 13.0 12.96 24.0 15.44 194.0 227.56 122.0 72.94 
13.0 10.42 239.0 108.98 15.0 18.08 82.0 85.28 8.0 10.68 211.0 117.12 12.0 13.02 23.0 15.56 139.0 227.34 202.0 75.62 
11.0 10.42 240.0 113.54 19.0 18.06 99.0 86.22 9.0 10.66 222.0 119.26 10.0 12.9 23.0 15.7 187.0 228.66 48.0 75.44 
9.0 10.34 37.0 113.78 36.0 18.02 99.0 87.66 11.0 10.62 448.0 124.32 14.0 12.92 13.0 15.68 148.0 230.02 39.0 75.04 
11.0 10.38 103.0 113.86 14.0 18.04 104.0 89.46 9.0 10.58 283.0 127.96 10.0 12.92 17.0 15.74 150.0 230.72 27.0 74.76 
9.0 10.34 214.0 117.86 12.0 17.9 21.0 89.28 10.0 10.54 295.0 129.08 11.0 12.9 21.0 15.88 188.0 233.68 28.0 72.84 
10.0 10.26 195.0 120.92 30.0 18.26 35.0 89.56 10.0 10.5 104.0 129.3 12.0 12.84 10.0 15.92 148.0 233.46 93.0 74.32 
10.0 10.26 109.0 120.08 20.0 18.42 154.0 91.22 11.0 10.52 231.0 130.58 15.0 12.86 16.0 16.02 170.0 234.6 148.0 76.88 
11.0 10.3 109.0 121.5 11.0 18.36 96.0 92.3 13.0 10.44 144.0 131.1 11.0 12.88 16.0 16.08 338.0 237.5 88.0 77.64 
10.0 10.3 102.0 122.78 15.0 18.08 112.0 92.16 10.0 10.46 125.0 132.72 12.0 12.88 14.0 16.08 127.0 235.56 166.0 78.48 
12.0 10.34 128.0 123.98 10.0 17.9 92.0 91.92 9.0 10.44 200.0 133.66 14.0 12.88 20.0 16.24 154.0 234.68 186.0 81.92 
9.0 10.26 168.0 125.4 19.0 18.08 177.0 94.52 9.0 10.36 124.0 132.5 11.0 12.88 17.0 16.14 214.0 235.06 136.0 84.42 
9.0 10.24 52.0 125.1 29.0 18.46 58.0 94.88 11.0 10.4 46.0 131.44 12.0 12.86 21.0 16.32 239.0 229.84 153.0 86.14 
12.0 10.3 280.0 129.96 18.0 18.52 42.0 94.48 10.0 10.42 117.0 132.32 13.0 12.88 42.0 16.8 181.0 226.94 104.0 86.78 
10.0 10.34 131.0 131.86 30.0 18.84 146.0 93.96 10.0 10.42 171.0 133.02 13.0 12.84 13.0 16.56 162.0 225.58 105.0 86.58 
8.0 10.28 213.0 132.58 28.0 18.96 121.0 95.46 12.0 10.46 61.0 131.56 13.0 12.82 31.0 16.88 141.0 224.42 111.0 88.1 
9.0 10.26 45.0 130.34 23.0 18.76 139.0 96.54 16.0 10.52 178.0 132.68 10.0 12.74 15.0 16.98 109.0 218.0 171.0 90.22 
9.0 10.26 33.0 129.86 25.0 19.06 110.0 96.9 9.0 10.46 167.0 133.72 10.0 12.42 12.0 16.86 203.0 218.12 132.0 91.72 
10.0 10.26 112.0 128.02 20.0 19.16 60.0 96.98 12.0 10.52 179.0 134.86 10.0 12.42 26.0 16.92 206.0 217.6 449.0 100.34 
10.0 10.3 311.0 131.68 22.0 19.4 43.0 96.8 15.0 10.62 500.0 143.24 12.0 12.42 15.0 17.0 248.0 219.8 292.0 105.6 
8.0 10.24 166.0 132.46 23.0 19.58 125.0 97.36 14.0 10.74 188.0 145.32 11.0 12.38 45.0 17.6 169.0 219.34 177.0 108.52 
8.0 10.2 165.0 135.16 18.0 19.66 139.0 98.32 9.0 10.74 357.0 151.32 8.0 12.36 39.0 18.16 146.0 215.06 172.0 110.5 
9.0 10.16 123.0 137.0 13.0 19.62 132.0 99.92 10.0 10.7 187.0 152.08 13.0 12.22 26.0 18.24 218.0 216.16 247.0 113.58 
9.0 10.18 119.0 138.04 46.0 20.3 135.0 101.66 9.0 10.64 408.0 156.7 10.0 12.18 25.0 18.46 155.0 214.16 133.0 115.74 
10.0 10.22 34.0 135.64 31.0 20.58 157.0 101.52 12.0 10.72 406.0 161.32 12.0 12.22 34.0 18.96 199.0 213.72 253.0 119.62 
8.0 10.2 144.0 135.34 22.0 20.68 144.0 102.88 8.0 10.7 263.0 164.12 14.0 12.22 12.0 18.98 204.0 214.84 240.0 123.8 
10.0 10.22 176.0 136.26 41.0 21.28 195.0 105.2 10.0 10.72 218.0 166.06 13.0 12.3 12.0 18.86 213.0 216.06 155.0 125.74 
11.0 10.24 169.0 139.0 18.0 21.36 94.0 104.4 9.0 10.7 275.0 169.3 10.0 12.18 19.0 18.86 272.0 215.26 181.0 128.28 
9.0 10.22 238.0 143.32 13.0 21.34 211.0 104.76 10.0 10.7 436.0 175.56 13.0 12.26 49.0 19.62 273.0 219.12 220.0 130.22 
10.0 10.22 186.0 144.82 24.0 21.62 211.0 108.58 10.0 10.62 323.0 179.38 14.0 12.28 27.0 19.82 134.0 213.82 500.0 138.9 
10.0 10.06 430.0 148.46 13.0 21.64 207.0 110.74 14.0 10.6 226.0 181.86 12.0 12.32 49.0 20.58 216.0 213.6 278.0 141.74 
11.0 9.98 178.0 150.96 24.0 21.6 269.0 113.5 9.0 10.58 212.0 181.66 10.0 12.3 20.0 20.62 176.0 210.74 251.0 145.98 
11.0 10.0 112.0 150.82 38.0 22.02 339.0 117.28 9.0 10.56 213.0 184.76 14.0 12.32 10.0 20.5 256.0 207.0 159.0 147.74 
10.0 10.0 154.0 151.54 29.0 22.04 244.0 119.94 12.0 10.62 303.0 190.44 13.0 12.3 32.0 20.94 242.0 206.82 371.0 150.88 
9.0 9.98 220.0 155.16 33.0 22.32 293.0 124.88 9.0 10.62 298.0 194.06 16.0 12.36 18.0 20.96 174.0 205.82 347.0 156.56 
9.0 9.92 81.0 152.92 31.0 22.46 215.0 127.82 8.0 10.6 412.0 201.74 11.0 12.28 44.0 21.48 191.0 203.84 213.0 157.48 
10.0 9.82 179.0 154.56 17.0 21.86 83.0 128.52 9.0 10.6 500.0 211.18 14.0 12.24 37.0 21.92 201.0 203.56 135.0 157.06 
10.0 9.82 82.0 154.6 39.0 22.24 134.0 127.72 9.0 10.58 366.0 217.9 12.0 12.14 29.0 22.34 202.0 202.78 97.0 157.5 
10.0 9.84 210.0 155.12 27.0 22.48 78.0 127.06 9.0 10.54 465.0 225.34 15.0 12.16 26.0 22.12 141.0 203.02 225.0 161.16 
13.0 9.9 104.0 155.84 16.0 22.32 179.0 129.74 11.0 10.52 127.0 225.38 12.0 12.22 38.0 22.66 92.0 197.4 318.0 166.56 
11.0 9.9 148.0 155.96 26.0 22.52 196.0 131.66 9.0 10.5 226.0 228.78 14.0 12.26 19.0 22.86 217.0 196.8 90.0 165.92 
9.0 9.9 17.0 151.7 21.0 22.46 180.0 133.76 10.0 10.46 235.0 233.08 12.0 12.24 9.0 22.74 212.0 195.52 152.0 168.3 
12.0 9.98 42.0 151.28 27.0 22.72 198.0 136.2 12.0 10.48 267.0 235.7 12.0 12.24 13.0 22.78 122.0 195.5 188.0 168.92 
14.0 10.08 127.0 152.74 20.0 22.78 140.0 135.04 9.0 10.46 268.0 238.56 18.0 12.26 76.0 23.86 193.0 191.46 218.0 172.44 
12.0 10.12 262.0 154.58 45.0 23.4 78.0 134.78 10.0 10.38 299.0 242.84 11.0 12.18 93.0 25.32 175.0 191.44 120.0 169.52 
10.0 10.1 271.0 152.64 18.0 23.4 150.0 136.34 10.0 10.28 142.0 243.6 12.0 12.24 67.0 26.32 49.0 188.8 220.0 172.26 
10.0 10.06 414.0 157.84 33.0 23.46 179.0 137.84 8.0 10.24 164.0 245.9 11.0 12.22 24.0 26.48 146.0 187.28 159.0 174.76 
10.0 10.08 243.0 160.56 32.0 23.68 308.0 141.88 10.0 10.24 189.0 247.24 11.0 12.2 38.0 26.84 159.0 184.98 152.0 177.02 
10.0 10.08 301.0 163.06 57.0 24.36 200.0 143.34 9.0 10.16 157.0 248.48 11.0 12.14 44.0 27.5 136.0 181.26 161.0 179.02 
9.0 10.08 172.0 164.32 36.0 24.88 60.0 142.8 12.0 10.24 174.0 247.68 11.0 12.16 10.0 27.46 236.0 183.3 175.0 182.14 
11.0 10.1 138.0 164.52 43.0 25.4 296.0 147.18 10.0 10.26 151.0 245.22 14.0 12.18 32.0 27.62 271.0 184.84 273.0 185.16 
9.0 10.02 82.0 161.38 23.0 25.56 233.0 150.2 12.0 10.34 135.0 243.7 10.0 12.14 33.0 27.82 215.0 186.36 202.0 185.16 
10.0 10.0 88.0 158.34 18.0 25.54 216.0 152.54 10.0 10.36 149.0 242.24 12.0 12.18 33.0 28.02 257.0 187.76 30.0 184.8 
11.0 10.04 166.0 160.92 24.0 25.3 327.0 157.1 9.0 10.32 213.0 237.54 10.0 12.1 40.0 28.56 228.0 189.36 63.0 185.28 
10.0 10.02 189.0 162.64 32.0 25.66 246.0 159.94 10.0 10.34 340.0 238.68 12.0 12.14 54.0 29.3 219.0 190.74 81.0 186.36 
10.0 10.04 172.0 161.8 69.0 26.8 175.0 163.02 13.0 10.4 129.0 235.36 10.0 12.12 69.0 30.26 335.0 193.68 44.0 186.68 
10.0 10.04 30.0 158.5 51.0 27.22 279.0 167.9 12.0 10.44 130.0 235.88 10.0 12.08 131.0 32.68 286.0 196.44 135.0 187.52 
9.0 10.02 109.0 158.5 52.0 27.86 223.0 169.28 9.0 10.4 147.0 234.2 10.0 11.98 104.0 34.44 294.0 198.92 122.0 187.0 
9.0 9.98 175.0 159.82 66.0 28.96 197.0 171.3 10.0 10.34 163.0 234.58 10.0 11.96 54.0 35.2 314.0 198.44 79.0 186.82 
9.0 9.96 27.0 158.32 14.0 28.94 128.0 171.62 10.0 10.34 157.0 235.22 14.0 12.0 14.0 35.2 141.0 198.72 157.0 186.64 
9.0 9.9 128.0 158.32 41.0 29.56 226.0 174.3 10.0 10.36 181.0 234.84 9.0 11.9 83.0 36.46 118.0 198.0 140.0 185.72 
8.0 9.88 144.0 157.84 65.0 30.48 125.0 173.26 10.0 10.38 65.0 233.66 11.0 11.9 33.0 36.78 235.0 198.42 203.0 187.06 
9.0 9.88 132.0 159.44 50.0 30.9 161.0 175.32 13.0 10.42 147.0 235.68 13.0 11.92 86.0 38.08 500.0 203.64 84.0 185.68 
9.0 9.82 155.0 156.94 39.0 31.32 234.0 179.16 10.0 10.42 157.0 236.48 10.0 11.86 21.0 37.66 223.0 204.48 207.0 187.74 
10.0 9.82 84.0 156.0 74.0 32.2 133.0 178.9 9.0 10.4 122.0 235.5 10.0 11.8 170.0 40.8 208.0 205.4 186.0 189.36 
9.0 9.84 47.0 152.68 56.0 32.76 166.0 179.8 12.0 10.4 61.0 235.5 11.0 11.76 40.0 40.98 246.0 207.5 177.0 190.68 
9.0 9.84 156.0 154.9 33.0 32.96 124.0 179.5 10.0 10.28 57.0 233.08 9.0 11.74 100.0 42.68 190.0 209.12 199.0 191.24 
10.0 9.86 33.0 154.9 32.0 33.1 131.0 179.92 10.0 10.3 181.0 233.36 11.0 11.76 67.0 43.78 428.0 213.62 500.0 198.6 
10.0 9.86 229.0 157.24 47.0 33.64 135.0 181.42 10.0 10.26 288.0 235.54 11.0 11.78 52.0 44.3 211.0 213.72 157.0 192.76 
8.0 9.82 162.0 154.26 83.0 34.86 149.0 183.54 13.0 10.22 133.0 228.2 10.0 11.74 109.0 46.18 204.0 212.84 326.0 193.44 
8.0 9.82 147.0 153.88 117.0 36.74 147.0 183.98 10.0 10.14 181.0 228.06 9.0 11.7 45.0 46.18 110.0 211.66 223.0 194.36 
9.0 9.84 279.0 156.16 19.0 36.76 48.0 182.16 9.0 10.14 228.0 225.48 14.0 11.82 59.0 46.58 323.0 215.2 85.0 192.62 
8.0 9.82 174.0 157.18 74.0 37.98 139.0 182.3 10.0 10.14 200.0 225.74 10.0 11.76 83.0 47.72 468.0 220.2 370.0 195.08 
9.0 9.82 206.0 158.92 48.0 38.02 154.0 182.68 10.0 10.16 186.0 221.3 14.0 11.84 115.0 49.52 336.0 223.82 124.0 194.9 
9.0 9.8 308.0 164.4 44.0 38.28 207.0 183.68 10.0 10.12 168.0 216.54 11.0 11.82 161.0 52.06 313.0 226.1 134.0 192.52 
9.0 9.82 475.0 171.02 88.0 39.6 186.0 184.52 10.0 10.16 370.0 218.68 11.0 11.76 131.0 54.44 129.0 224.6 163.0 190.98 
9.0 9.8 455.0 176.6 38.0 39.54 205.0 184.72 16.0 10.28 255.0 219.42 12.0 11.74 46.0 55.12 201.0 224.36 153.0 190.94 
10.0 9.78 500.0 183.22 67.0 40.52 401.0 190.86 10.0 10.3 268.0 219.28 12.0 11.78 118.0 57.1 161.0 222.14 159.0 190.5 
15.0 9.9 500.0 188.46 15.0 40.56 289.0 192.42 9.0 10.28 327.0 217.1 12.0 11.76 168.0 59.48 500.0 226.68 101.0 188.12 
8.0 9.86 355.0 191.84 68.0 41.44 264.0 193.48 9.0 10.26 500.0 220.64 10.0 11.68 83.0 60.6 206.0 228.12 124.0 180.6 
10.0 9.86 319.0 189.62 117.0 43.52 257.0 194.48 11.0 10.2 500.0 226.12 11.0 11.66 240.0 64.42 469.0 233.18 111.0 177.26 
10.0 9.84 500.0 196.06 143.0 45.9 448.0 198.06 13.0 10.28 223.0 226.34 19.0 11.84 88.0 65.78 171.0 233.08 122.0 174.68 
9.0 9.8 346.0 200.74 155.0 48.24 264.0 196.56 12.0 10.34 500.0 232.08 11.0 11.78 127.0 68.12 218.0 232.32 124.0 173.98 
10.0 9.8 255.0 202.76 93.0 49.52 261.0 196.9 8.0 10.26 500.0 236.02 10.0 11.72 198.0 71.44 422.0 235.92 67.0 167.9 
9.0 9.8 105.0 200.46 140.0 51.66 290.0 196.84 9.0 10.26 370.0 237.46 12.0 11.64 75.0 72.58 441.0 241.26 74.0 162.44 
9.0 9.8 193.0 202.7 68.0 52.4 177.0 196.08 9.0 10.28 500.0 239.22 10.0 11.62 153.0 74.76 276.0 242.96 103.0 160.24 
10.0 9.8 226.0 203.64 155.0 55.16 340.0 201.22 10.0 10.3 428.0 237.78 12.0 11.58 81.0 75.64 385.0 246.64 72.0 158.98 
10.0 9.8 177.0 205.54 351.0 61.4 334.0 205.22 12.0 10.36 366.0 237.78 10.0 11.54 97.0 77.0 296.0 248.52 101.0 159.06 
11.0 9.82 145.0 204.24 136.0 63.58 226.0 208.18 10.0 10.38 492.0 238.32 14.0 11.52 148.0 79.44 272.0 251.14 179.0 158.14 
10.0 9.76 177.0 205.7 122.0 65.7 196.0 208.52 12.0 10.4 417.0 244.12 9.0 11.46 191.0 82.5 282.0 254.94 166.0 155.1 
10.0 9.74 162.0 205.98 117.0 67.52 250.0 209.6 10.0 10.42 188.0 243.36 9.0 11.36 156.0 85.24 359.0 257.78 107.0 155.44 
8.0 9.72 130.0 208.24 168.0 70.46 443.0 214.86 10.0 10.42 500.0 248.66 11.0 11.34 187.0 88.8 285.0 259.24 156.0 155.52 
9.0 9.66 137.0 210.14 228.0 74.48 314.0 217.18 9.0 10.36 265.0 248.62 11.0 11.32 182.0 92.18 231.0 261.42 143.0 154.62 
10.0 9.58 164.0 210.88 163.0 77.34 217.0 218.72 10.0 10.38 394.0 251.14 10.0 11.16 156.0 93.78 242.0 262.4 172.0 153.7 
10.0 9.54 189.0 209.42 77.0 77.98 350.0 224.16 10.0 10.38 212.0 249.4 10.0 11.14 119.0 94.3 294.0 264.78 172.0 154.74 
9.0 9.52 40.0 204.8 122.0 80.06 427.0 229.7 9.0 10.36 327.0 253.1 11.0 11.12 122.0 95.4 401.0 271.82 188.0 154.1 
10.0 9.52 130.0 199.12 187.0 83.14 336.0 232.84 9.0 10.38 500.0 259.82 10.0 11.1 118.0 97.28 267.0 274.24 111.0 153.14 
10.0 9.52 130.0 196.86 195.0 86.4 273.0 232.14 10.0 10.38 412.0 264.28 11.0 11.1 133.0 99.18 269.0 276.44 134.0 152.78 
10.0 9.52 201.0 194.86 179.0 88.84 157.0 231.28 13.0 10.46 443.0 270.0 11.0 11.1 33.0 98.96 402.0 281.76 125.0 152.06 
10.0 9.54 155.0 194.52 93.0 89.98 480.0 239.68 10.0 10.42 410.0 274.72 10.0 11.08 155.0 101.86 409.0 285.22 137.0 151.3 
8.0 9.48 168.0 195.12 191.0 92.94 340.0 240.56 9.0 10.4 500.0 281.7 15.0 11.1 90.0 103.02 500.0 289.8 152.0 148.88 
10.0 9.5 180.0 197.08 118.0 94.84 500.0 245.9 8.0 10.32 500.0 289.0 9.0 11.08 231.0 106.98 430.0 294.1 111.0 147.06 
8.0 9.46 233.0 199.98 146.0 97.4 500.0 251.58 10.0 10.32 228.0 290.58 14.0 11.12 22.0 106.76 474.0 298.44 142.0 149.3 
10.0 9.44 127.0 199.2 121.0 99.34 463.0 254.3 9.0 10.32 167.0 289.66 11.0 11.14 94.0 107.84 315.0 300.18 129.0 150.62 
9.0 9.42 264.0 200.7 175.0 102.2 136.0 252.1 10.0 10.32 500.0 292.86 11.0 11.12 128.0 109.32 500.0 305.8 65.0 150.3 
8.0 9.38 221.0 201.68 244.0 105.7 78.0 250.16 10.0 10.26 500.0 300.28 17.0 11.26 150.0 110.94 389.0 306.88 138.0 152.18 
10.0 9.38 162.0 204.32 53.0 105.74 419.0 252.96 8.0 10.18 381.0 305.3 9.0 11.24 51.0 109.34 500.0 311.16 111.0 151.7 
10.0 9.4 371.0 209.56 186.0 108.42 437.0 257.24 11.0 10.22 500.0 312.36 10.0 11.24 21.0 107.68 413.0 313.54 143.0 152.12 
8.0 9.38 229.0 210.64 92.0 108.94 500.0 263.3 10.0 10.22 487.0 318.84 11.0 11.26 210.0 110.8 350.0 314.26 136.0 153.26 
10.0 9.4 328.0 216.66 47.0 109.6 250.0 265.74 16.0 10.34 277.0 321.24 11.0 11.2 108.0 112.68 375.0 318.94 134.0 152.8 
10.0 9.42 248.0 219.06 486.0 118.5 500.0 271.22 9.0 10.32 500.0 327.62 9.0 11.2 97.0 112.96 372.0 324.02 144.0 152.88 
10.0 9.46 204.0 220.26 141.0 120.02 102.0 270.76 10.0 10.32 500.0 336.32 8.0 11.14 88.0 114.06 373.0 326.78 163.0 152.08 
8.0 9.44 339.0 224.4 126.0 121.54 247.0 272.48 10.0 10.26 269.0 338.76 11.0 11.1 93.0 114.2 472.0 326.22 110.0 152.6 
10.0 9.46 181.0 224.92 226.0 125.28 388.0 275.56 12.0 10.3 374.0 343.1 10.0 11.1 30.0 114.38 321.0 328.18 127.0 151.0 
9.0 9.44 311.0 229.46 216.0 128.12 500.0 282.9 13.0 10.38 283.0 346.32 10.0 11.1 82.0 112.62 281.0 329.64 134.0 149.96 
10.0 9.46 240.0 233.32 217.0 131.34 274.0 285.06 9.0 10.32 312.0 351.34 10.0 11.08 199.0 115.8 404.0 332.8 156.0 149.54 
10.0 9.48 171.0 233.62 125.0 133.18 216.0 286.9 11.0 10.34 131.0 352.82 11.0 11.12 29.0 114.38 149.0 331.98 130.0 148.16 
9.0 9.46 309.0 239.14 103.0 134.6 263.0 289.54 8.0 10.3 140.0 352.0 12.0 11.14 46.0 113.96 223.0 327.88 156.0 141.28 
9.0 9.44 404.0 242.64 307.0 139.8 500.0 296.84 12.0 10.34 328.0 352.8 9.0 11.1 96.0 114.84 265.0 328.96 129.0 140.72 
11.0 9.5 299.0 245.38 105.0 140.24 315.0 300.16 9.0 10.26 178.0 353.7 13.0 11.16 116.0 114.98 341.0 331.7 119.0 136.58 
9.0 9.52 454.0 251.52 98.0 139.86 325.0 303.72 10.0 10.26 200.0 354.08 10.0 11.18 47.0 115.02 347.0 336.44 101.0 134.14 
10.0 9.54 500.0 255.94 136.0 142.2 500.0 312.76 10.0 10.28 154.0 352.6 11.0 11.12 105.0 115.94 500.0 339.98 50.0 133.44 
8.0 9.54 280.0 258.06 161.0 143.94 500.0 319.98 10.0 10.28 150.0 351.6 10.0 11.12 42.0 115.12 343.0 337.48 62.0 127.28 
8.0 9.52 500.0 263.94 149.0 145.96 297.0 322.84 14.0 10.36 500.0 357.88 10.0 11.04 51.0 113.84 500.0 340.76 115.0 127.1 
10.0 9.54 106.0 259.9 95.0 146.98 175.0 322.2 10.0 10.36 226.0 359.04 15.0 11.12 88.0 112.38 404.0 342.58 94.0 126.3 
8.0 9.52 188.0 254.16 33.0 145.88 165.0 321.78 9.0 10.34 172.0 355.08 9.0 11.08 178.0 113.32 399.0 347.98 38.0 123.8 
9.0 9.52 500.0 255.06 131.0 147.74 136.0 320.4 17.0 10.36 408.0 358.14 11.0 11.06 131.0 115.02 294.0 349.84 119.0 123.12 
10.0 9.52 489.0 254.84 49.0 147.38 360.0 319.58 8.0 10.32 392.0 360.62 9.0 11.0 104.0 114.74 321.0 353.04 109.0 122.12 
10.0 9.42 370.0 252.24 131.0 149.7 249.0 318.78 10.0 10.34 384.0 361.76 13.0 11.02 42.0 112.22 360.0 350.24 143.0 122.96 
10.0 9.46 500.0 255.14 166.0 151.66 191.0 317.32 9.0 10.34 500.0 361.76 14.0 11.1 62.0 111.8 500.0 356.12 166.0 123.8 
9.0 9.44 303.0 254.82 104.0 151.4 220.0 316.58 9.0 10.3 500.0 361.76 10.0 11.08 139.0 109.78 500.0 356.74 160.0 124.78 
9.0 9.42 298.0 250.78 159.0 151.72 278.0 313.18 9.0 10.22 500.0 367.3 9.0 10.88 119.0 110.4 500.0 363.32 179.0 125.92 
10.0 9.44 314.0 250.14 110.0 150.82 213.0 312.16 9.0 10.16 325.0 363.8 10.0 10.86 142.0 110.7 500.0 368.96 185.0 127.14 
9.0 9.42 101.0 247.06 48.0 149.92 322.0 313.38 12.0 10.24 500.0 363.8 12.0 10.9 143.0 109.6 500.0 370.52 144.0 128.68 
9.0 9.42 319.0 251.34 19.0 147.5 311.0 313.8 10.0 10.26 494.0 366.28 9.0 10.84 147.0 111.04 328.0 368.26 130.0 129.8 
10.0 9.44 145.0 250.38 112.0 148.38 390.0 318.06 9.0 10.26 500.0 366.28 9.0 10.82 127.0 110.52 500.0 372.74 261.0 132.96 
8.0 9.4 264.0 251.14 181.0 148.9 500.0 321.26 9.0 10.24 500.0 367.72 11.0 10.8 183.0 112.56 500.0 375.04 248.0 136.48 
9.0 9.38 281.0 253.22 132.0 144.52 500.0 324.58 8.0 10.16 479.0 369.98 11.0 10.82 148.0 113.58 500.0 379.12 349.0 141.44 
10.0 9.36 199.0 254.3 110.0 144.0 231.0 324.68 9.0 10.14 421.0 368.56 12.0 10.78 143.0 113.48 500.0 383.68 232.0 142.5 
8.0 9.32 256.0 255.88 98.0 143.52 290.0 326.56 10.0 10.1 212.0 364.46 12.0 10.84 186.0 113.38 500.0 388.04 284.0 144.86 
10.0 9.32 500.0 262.64 149.0 144.16 416.0 329.88 8.0 10.06 314.0 366.98 13.0 10.92 174.0 113.74 500.0 390.86 213.0 146.98 
11.0 9.38 254.0 265.12 120.0 143.2 140.0 323.82 8.0 10.02 500.0 366.98 10.0 10.9 198.0 113.96 399.0 393.14 292.0 149.7 
10.0 9.4 330.0 268.98 248.0 143.6 252.0 322.58 14.0 10.12 208.0 365.84 10.0 10.88 130.0 112.92 500.0 398.52 143.0 149.7 
9.0 9.38 268.0 271.06 137.0 143.08 316.0 324.56 10.0 10.12 264.0 363.24 14.0 10.96 38.0 110.56 500.0 403.68 233.0 150.92 
10.0 9.38 159.0 270.46 31.0 142.16 279.0 323.14 10.0 10.12 461.0 368.22 10.0 10.96 135.0 110.88 500.0 407.8 197.0 151.42 
10.0 9.4 251.0 274.68 129.0 142.3 270.0 320.0 10.0 10.14 500.0 371.68 10.0 10.94 146.0 111.36 500.0 409.78 194.0 151.54 
9.0 9.38 173.0 275.54 251.0 143.58 462.0 322.52 10.0 10.16 500.0 371.68 11.0 10.96 190.0 112.8 500.0 414.44 205.0 153.42 
8.0 9.34 191.0 276.76 146.0 142.6 76.0 318.58 9.0 10.14 184.0 367.12 11.0 10.96 178.0 113.7 500.0 419.06 130.0 153.34 
10.0 9.34 198.0 276.7 91.0 140.84 426.0 323.96 9.0 10.06 155.0 361.36 11.0 10.96 156.0 116.16 500.0 421.02 227.0 155.38 
10.0 9.34 192.0 277.44 127.0 141.52 456.0 323.48 9.0 10.04 500.0 363.16 10.0 10.96 107.0 115.2 500.0 422.84 204.0 156.72 
9.0 9.36 192.0 277.92 40.0 138.5 292.0 322.52 9.0 10.04 188.0 356.92 14.0 10.94 202.0 117.44 500.0 422.84 197.0 157.62 
8.0 9.32 161.0 277.54 180.0 139.74 335.0 319.22 11.0 10.1 206.0 351.04 13.0 11.02 212.0 117.06 188.0 418.0 159.0 158.58 
10.0 9.36 211.0 277.1 173.0 140.28 115.0 311.52 12.0 10.14 369.0 353.86 12.0 10.98 167.0 119.96 500.0 418.52 158.0 158.9 
9.0 9.34 179.0 278.14 197.0 141.8 500.0 312.26 10.0 10.16 165.0 353.82 10.0 10.96 160.0 121.28 500.0 422.22 186.0 160.04 
9.0 9.34 212.0 277.1 149.0 141.28 404.0 317.62 10.0 10.16 192.0 347.66 11.0 10.96 183.0 122.38 500.0 422.22 193.0 162.6 
10.0 9.38 145.0 275.58 124.0 138.88 197.0 320.0 9.0 10.14 66.0 338.98 11.0 10.84 300.0 125.38 500.0 424.44 205.0 163.94 
10.0 9.38 189.0 276.12 167.0 141.16 324.0 318.1 8.0 10.14 310.0 337.56 11.0 10.88 161.0 127.58 422.0 422.88 271.0 167.14 
10.0 9.38 133.0 271.36 86.0 139.16 500.0 319.36 10.0 10.12 391.0 335.38 11.0 10.9 148.0 130.12 500.0 424.62 290.0 170.08 
10.0 9.42 168.0 270.14 128.0 139.88 500.0 319.36 10.0 10.12 327.0 332.18 12.0 10.92 234.0 130.6 475.0 427.12 174.0 170.84 
10.0 9.42 127.0 266.12 134.0 141.62 500.0 324.36 9.0 9.98 138.0 329.4 10.0 10.9 328.0 135.0 500.0 429.62 255.0 173.26 
9.0 9.4 151.0 264.18 35.0 132.6 491.0 324.18 9.0 9.98 227.0 323.94 10.0 10.92 500.0 143.06 500.0 432.18 264.0 175.66 
9.0 9.38 134.0 262.78 131.0 132.4 446.0 331.06 9.0 9.96 265.0 319.24 12.0 11.0 309.0 147.48 500.0 434.72 290.0 178.2 
10.0 9.42 172.0 259.44 165.0 133.18 164.0 329.4 12.0 10.0 207.0 318.0 12.0 11.02 500.0 155.62 500.0 435.28 218.0 180.36 
9.0 9.4 138.0 258.58 173.0 132.12 500.0 331.64 10.0 9.96 172.0 313.96 11.0 11.04 500.0 165.02 500.0 438.86 247.0 182.76 
9.0 9.4 145.0 255.26 177.0 131.34 500.0 331.64 8.0 9.86 152.0 311.34 13.0 11.1 258.0 168.54 500.0 443.24 212.0 184.32 
9.0 9.38 129.0 253.04 145.0 129.9 500.0 336.16 10.0 9.88 229.0 309.68 10.0 11.1 199.0 168.54 450.0 444.16 19.0 181.58 
13.0 9.44 140.0 252.42 174.0 130.88 500.0 341.84 9.0 9.84 500.0 317.06 11.0 11.1 349.0 174.94 500.0 451.18 255.0 184.08 
9.0 9.44 141.0 249.06 123.0 131.28 483.0 346.24 9.0 9.86 101.0 316.28 14.0 11.14 300.0 180.02 500.0 456.72 106.0 183.08 
10.0 9.46 147.0 243.92 370.0 132.54 88.0 338.0 10.0 9.82 103.0 311.78 10.0 11.16 296.0 184.02 500.0 461.42 199.0 184.48 
10.0 9.44 156.0 241.06 344.0 137.32 500.0 341.7 8.0 9.8 384.0 315.9 11.0 11.12 500.0 191.7 500.0 464.6 232.0 186.74 
9.0 9.44 162.0 235.22 245.0 140.26 244.0 340.08 14.0 9.88 52.0 312.94 13.0 11.18 500.0 200.76 500.0 467.66 111.0 186.94 
10.0 9.44 143.0 228.08 254.0 142.62 86.0 331.8 10.0 9.88 340.0 316.66 13.0 11.22 217.0 203.0 500.0 467.66 251.0 190.96 
9.0 9.46 190.0 226.28 232.0 144.04 434.0 330.48 11.0 9.9 345.0 320.56 13.0 11.28 427.0 210.7 500.0 470.8 274.0 195.2 
10.0 9.5 186.0 220.0 277.0 146.6 178.0 328.1 9.0 9.8 130.0 313.16 12.0 11.32 247.0 214.62 500.0 470.8 249.0 197.88 
10.0 9.5 144.0 220.76 265.0 150.0 500.0 334.6 8.0 9.76 183.0 312.3 12.0 11.26 179.0 216.44 500.0 472.72 217.0 200.34 
10.0 9.54 237.0 221.74 318.0 155.7 500.0 341.3 10.0 9.78 123.0 311.32 14.0 11.36 287.0 218.62 499.0 474.72 192.0 203.42 
9.0 9.54 140.0 214.54 500.0 163.08 473.0 348.04 14.0 9.72 199.0 307.14 19.0 11.52 225.0 220.5 500.0 478.84 215.0 205.34 
10.0 9.54 207.0 208.9 307.0 168.24 468.0 350.2 11.0 9.78 137.0 302.04 15.0 11.64 291.0 224.24 500.0 482.42 248.0 208.12 
9.0 9.52 182.0 205.14 297.0 171.56 500.0 355.22 14.0 9.86 275.0 299.86 12.0 11.62 274.0 228.88 500.0 485.22 292.0 211.1 
10.0 9.52 210.0 199.34 232.0 172.88 351.0 358.42 8.0 9.84 252.0 294.9 10.0 11.54 234.0 232.32 499.0 485.2 234.0 212.46 
10.0 9.54 163.0 196.54 164.0 174.08 416.0 362.34 9.0 9.84 170.0 288.3 9.0 11.52 306.0 235.66 500.0 485.2 67.0 210.6 
8.0 9.52 251.0 195.6 183.0 174.56 421.0 365.2 10.0 9.86 110.0 280.5 13.0 11.6 304.0 239.36 500.0 485.2 206.0 211.14 
10.0 9.52 177.0 192.86 133.0 175.02 320.0 367.34 10.0 9.88 162.0 277.24 12.0 11.64 208.0 240.68 500.0 485.2 217.0 211.78 
11.0 9.56 194.0 194.72 135.0 176.76 264.0 366.18 9.0 9.82 247.0 272.18 19.0 11.78 394.0 245.7 500.0 485.2 295.0 214.8 
10.0 9.58 173.0 191.8 141.0 179.2 274.0 365.44 12.0 9.86 321.0 268.72 9.0 11.78 266.0 248.08 500.0 488.64 163.0 215.46 
11.0 9.6 194.0 192.78 214.0 181.24 277.0 363.18 12.0 9.92 232.0 263.36 16.0 11.92 307.0 251.68 500.0 488.64 209.0 214.42 
10.0 9.64 223.0 191.96 38.0 178.38 250.0 358.18 12.0 9.98 295.0 259.26 12.0 11.94 270.0 253.42 293.0 484.5 354.0 216.54 
9.0 9.64 177.0 189.88 261.0 180.96 445.0 357.08 15.0 10.12 353.0 256.74 10.0 11.92 413.0 258.72 500.0 484.5 318.0 215.92 
10.0 9.64 168.0 189.26 137.0 181.5 296.0 358.38 12.0 10.18 500.0 258.32 15.0 11.98 243.0 260.72 125.0 477.0 127.0 213.82 
10.0 9.68 250.0 189.14 284.0 185.22 308.0 358.74 12.0 10.22 268.0 259.44 14.0 12.02 203.0 261.06 500.0 477.0 265.0 213.44 
8.0 9.64 206.0 183.26 227.0 186.78 458.0 359.58 9.0 10.24 500.0 263.16 13.0 12.02 332.0 264.22 500.0 477.0 305.0 215.28 
9.0 9.6 212.0 182.42 69.0 185.76 500.0 366.78 11.0 10.3 500.0 263.16 17.0 12.16 244.0 265.14 500.0 479.02 427.0 217.98 
10.0 9.6 173.0 179.28 116.0 183.12 500.0 371.74 10.0 10.22 500.0 269.0 17.0 12.3 281.0 268.16 500.0 479.02 500.0 225.12 
9.0 9.6 152.0 176.96 211.0 184.6 286.0 371.14 9.0 10.2 251.0 268.74 13.0 12.28 378.0 274.96 500.0 479.02 306.0 226.58 
9.0 9.58 186.0 177.5 68.0 185.34 500.0 375.56 10.0 10.2 500.0 269.52 16.0 12.4 390.0 280.06 500.0 479.02 475.0 232.14 
10.0 9.58 142.0 175.32 162.0 186.0 500.0 380.16 11.0 10.22 214.0 263.8 11.0 12.42 229.0 281.72 500.0 479.02 500.0 238.26 
10.0 9.6 157.0 175.0 185.0 184.68 500.0 380.92 11.0 10.24 500.0 263.8 11.0 12.42 340.0 284.72 500.0 479.02 500.0 244.16 
8.0 9.6 157.0 174.32 147.0 184.7 155.0 382.5 10.0 10.26 450.0 269.12 14.0 12.48 272.0 286.6 500.0 479.02 500.0 251.56 
9.0 9.58 167.0 173.7 152.0 185.92 500.0 383.98 9.0 10.26 417.0 274.36 12.0 12.5 244.0 288.36 500.0 479.02 500.0 257.02 
10.0 9.58 160.0 173.06 172.0 186.82 500.0 384.86 9.0 10.26 90.0 266.16 13.0 12.56 316.0 292.54 500.0 479.02 342.0 259.78 
9.0 9.58 224.0 173.7 139.0 188.8 500.0 389.02 10.0 10.28 500.0 272.4 11.0 12.5 341.0 295.32 500.0 479.02 367.0 263.18 
9.0 9.6 195.0 174.38 187.0 188.94 382.0 389.96 10.0 10.26 330.0 274.88 13.0 12.5 294.0 296.96 500.0 485.26 500.0 270.0 
9.0 9.58 148.0 173.12 155.0 188.58 424.0 396.14 16.0 10.34 364.0 274.78 19.0 12.64 497.0 303.56 172.0 478.7 363.0 274.1 
9.0 9.58 191.0 173.36 115.0 186.94 500.0 396.14 8.0 10.3 246.0 276.4 15.0 12.74 500.0 310.36 301.0 474.72 411.0 278.6 
12.0 9.64 178.0 172.68 123.0 186.42 500.0 398.06 10.0 10.3 258.0 277.72 10.0 12.72 500.0 316.7 500.0 474.72 246.0 279.66 
9.0 9.62 183.0 173.44 155.0 187.04 420.0 402.52 11.0 10.34 247.0 281.34 15.0 12.8 384.0 318.38 372.0 472.16 217.0 279.9 
8.0 9.58 172.0 173.1 159.0 186.88 126.0 398.56 10.0 10.38 500.0 285.14 13.0 12.84 277.0 320.7 500.0 473.72 305.0 280.58 
10.0 9.58 207.0 174.58 159.0 188.34 500.0 398.56 10.0 10.38 495.0 287.22 16.0 12.94 391.0 325.56 500.0 473.72 353.0 281.84 
9.0 9.56 250.0 176.22 146.0 188.7 500.0 398.56 11.0 10.4 216.0 285.0 18.0 13.06 387.0 328.62 299.0 470.2 208.0 282.52 
9.0 9.54 268.0 179.04 44.0 186.9 67.0 389.9 9.0 10.4 500.0 292.24 13.0 13.12 251.0 327.08 436.0 468.92 254.0 282.5 
8.0 9.52 283.0 181.68 134.0 188.88 500.0 390.08 9.0 10.4 500.0 297.7 12.0 13.16 344.0 323.96 500.0 468.92 243.0 282.08 
8.0 9.5 395.0 186.9 21.0 186.68 500.0 391.16 10.0 10.42 500.0 302.4 12.0 13.16 500.0 327.78 500.0 468.92 209.0 280.46 
9.0 9.48 369.0 190.84 54.0 184.46 500.0 397.88 11.0 10.4 500.0 308.26 11.0 13.14 500.0 327.78 455.0 468.02 218.0 280.46 
10.0 9.5 402.0 196.12 99.0 182.98 500.0 397.88 9.0 10.38 121.0 307.24 10.0 13.12 322.0 324.22 500.0 468.02 215.0 279.82 
10.0 9.52 500.0 203.22 110.0 181.64 500.0 397.88 8.0 10.38 372.0 311.64 12.0 13.1 375.0 326.56 436.0 466.74 205.0 279.68 
9.0 9.52 494.0 210.52 101.0 180.76 389.0 395.66 9.0 10.36 245.0 311.96 15.0 13.2 338.0 329.34 500.0 467.74 297.0 285.24 
9.0 9.44 483.0 217.38 111.0 179.5 500.0 395.66 10.0 10.38 153.0 305.02 14.0 13.26 227.0 326.9 336.0 464.46 500.0 290.14 
9.0 9.44 500.0 224.56 130.0 179.64 500.0 396.0 13.0 10.46 500.0 313.0 12.0 13.22 344.0 327.78 360.0 461.66 276.0 293.54 
8.0 9.4 500.0 231.62 40.0 173.04 500.0 404.24 10.0 10.46 500.0 320.94 15.0 13.32 204.0 325.94 368.0 459.02 497.0 299.5 
9.0 9.38 256.0 233.62 36.0 166.88 500.0 404.24 11.0 10.52 269.0 318.64 11.0 13.32 248.0 320.9 297.0 454.96 500.0 304.86 
10.0 9.4 262.0 235.62 153.0 165.04 500.0 409.36 10.0 10.44 500.0 327.6 12.0 13.3 358.0 318.06 487.0 454.7 213.0 306.9 
9.0 9.38 500.0 242.76 155.0 163.06 500.0 417.64 10.0 10.44 430.0 329.4 9.0 13.22 236.0 318.44 371.0 452.12 209.0 306.06 
11.0 9.42 500.0 248.96 168.0 161.78 500.0 418.96 9.0 10.4 500.0 332.5 15.0 13.26 231.0 314.52 500.0 452.12 500.0 310.58 
9.0 9.4 394.0 253.12 129.0 158.82 500.0 425.4 9.0 10.4 500.0 339.9 15.0 13.32 160.0 312.78 500.0 452.12 84.0 307.28 
9.0 9.38 191.0 254.06 130.0 156.12 399.0 423.38 10.0 10.44 266.0 341.56 17.0 13.42 241.0 314.02 329.0 448.7 154.0 306.02 
10.0 9.38 353.0 256.38 93.0 151.62 391.0 421.2 11.0 10.46 500.0 349.1 17.0 13.48 373.0 315.74 208.0 442.88 382.0 309.82 
9.0 9.38 268.0 258.94 88.0 143.38 287.0 417.48 9.0 10.36 500.0 355.12 15.0 13.4 236.0 315.96 170.0 436.28 447.0 314.46 
9.0 9.36 278.0 260.36 150.0 140.24 252.0 413.16 9.0 10.32 500.0 362.38 10.0 13.3 412.0 318.38 331.0 432.9 367.0 316.84 
8.0 9.34 195.0 260.62 189.0 138.08 261.0 408.38 12.0 10.28 391.0 364.7 11.0 13.28 231.0 317.52 370.0 430.3 415.0 319.3 
9.0 9.32 194.0 260.3 93.0 135.3 256.0 406.48 12.0 10.36 395.0 367.56 13.0 13.34 306.0 318.96 295.0 426.22 141.0 317.44 
10.0 9.32 179.0 260.62 173.0 135.48 195.0 402.06 10.0 10.38 433.0 372.82 12.0 13.4 297.0 318.78 185.0 419.92 500.0 326.1 
10.0 9.36 177.0 259.14 115.0 134.12 207.0 397.78 10.0 10.38 234.0 375.3 17.0 13.48 210.0 316.9 500.0 419.92 500.0 331.98 
10.0 9.36 163.0 258.86 136.0 134.18 200.0 395.38 9.0 10.36 209.0 376.24 11.0 13.46 220.0 317.14 500.0 419.92 98.0 329.6 
9.0 9.32 134.0 257.66 193.0 135.34 168.0 393.46 9.0 10.36 362.0 378.54 12.0 13.32 275.0 314.76 102.0 411.96 410.0 331.9 
10.0 9.32 179.0 257.78 207.0 136.66 220.0 392.38 8.0 10.28 142.0 374.96 15.0 13.44 417.0 317.78 289.0 407.74 192.0 332.48 
9.0 9.28 147.0 256.84 138.0 135.14 204.0 390.92 11.0 10.26 131.0 372.94 20.0 13.52 376.0 319.16 500.0 407.74 213.0 332.56 
11.0 9.3 130.0 254.98 253.0 139.44 135.0 388.62 9.0 10.2 138.0 369.8 14.0 13.56 289.0 319.54 190.0 405.68 486.0 335.2 
10.0 9.32 115.0 253.74 193.0 138.08 201.0 383.74 12.0 10.14 214.0 367.02 16.0 13.68 347.0 318.22 447.0 404.62 466.0 338.16 
10.0 9.32 146.0 253.3 270.0 140.74 170.0 381.22 9.0 10.08 186.0 360.74 16.0 13.7 79.0 314.94 164.0 405.4 488.0 345.38 
9.0 9.3 159.0 251.48 292.0 140.9 160.0 378.26 9.0 10.02 166.0 358.7 15.0 13.72 440.0 319.68 183.0 399.06 195.0 343.98 
10.0 9.34 163.0 250.62 106.0 138.48 181.0 372.72 10.0 10.04 127.0 351.24 17.0 13.8 305.0 319.14 128.0 391.62 166.0 341.2 
10.0 9.36 126.0 248.9 500.0 147.1 147.0 365.66 10.0 10.02 110.0 343.44 17.0 13.8 400.0 322.26 107.0 383.76 500.0 342.66 
12.0 9.4 141.0 248.26 258.0 149.94 152.0 358.7 8.0 9.98 244.0 338.32 21.0 13.88 444.0 325.52 180.0 377.36 500.0 342.66 
10.0 9.42 170.0 248.62 483.0 155.38 115.0 355.28 10.0 10.0 191.0 337.12 13.0 13.88 379.0 325.54 397.0 375.3 383.0 344.2 
9.0 9.42 131.0 247.52 500.0 164.02 60.0 346.48 9.0 9.98 200.0 331.12 14.0 13.84 500.0 327.74 500.0 375.3 244.0 339.58 
10.0 9.42 151.0 247.7 303.0 166.84 111.0 338.7 10.0 9.96 217.0 331.18 11.0 13.84 368.0 330.52 307.0 371.44 393.0 337.44 
8.0 9.38 132.0 247.2 500.0 173.14 124.0 331.18 9.0 9.92 198.0 325.14 14.0 13.9 500.0 333.72 198.0 365.4 350.0 334.44 
9.0 9.4 140.0 246.86 295.0 176.1 116.0 330.4 15.0 10.02 185.0 319.84 17.0 13.96 500.0 338.28 307.0 361.54 217.0 328.78 
9.0 9.4 152.0 246.56 500.0 183.06 108.0 322.56 8.0 10.0 307.0 317.64 13.0 13.98 289.0 339.18 280.0 357.14 275.0 324.28 
10.0 9.4 136.0 246.08 206.0 183.74 128.0 315.12 10.0 10.02 240.0 320.64 13.0 13.98 396.0 340.78 438.0 355.9 240.0 322.24 
9.0 9.4 126.0 244.12 137.0 183.7 131.0 307.74 12.0 10.06 224.0 315.12 12.0 14.0 265.0 339.26 496.0 355.82 401.0 322.92 
10.0 9.42 114.0 242.5 301.0 185.98 151.0 303.12 14.0 10.14 292.0 314.36 12.0 13.98 222.0 337.82 153.0 348.88 500.0 322.92 
10.0 9.44 177.0 243.08 279.0 188.46 127.0 297.18 12.0 10.06 159.0 310.26 9.0 13.78 259.0 333.06 142.0 348.28 361.0 322.88 
9.0 9.44 133.0 241.92 274.0 191.64 127.0 289.72 10.0 10.1 500.0 315.34 11.0 13.7 180.0 326.66 219.0 346.64 500.0 324.66 
10.0 9.4 118.0 240.72 153.0 192.24 138.0 282.48 10.0 10.1 500.0 320.18 12.0 13.74 153.0 319.72 173.0 340.1 171.0 323.16 
9.0 9.4 118.0 239.42 297.0 195.08 29.0 274.66 9.0 10.06 500.0 325.24 11.0 13.66 125.0 314.54 170.0 336.06 500.0 328.82 
8.0 9.4 140.0 238.78 265.0 197.2 126.0 274.66 14.0 10.14 307.0 321.38 19.0 13.78 139.0 311.78 119.0 328.44 269.0 328.1 
8.0 9.36 128.0 237.2 123.0 196.48 112.0 266.9 10.0 10.14 500.0 321.48 17.0 13.8 137.0 306.7 155.0 321.54 386.0 328.76 
10.0 9.38 108.0 234.36 151.0 196.58 97.0 258.84 12.0 10.16 500.0 327.16 16.0 13.76 26.0 299.48 123.0 318.02 99.0 326.58 
8.0 9.36 111.0 231.22 304.0 201.78 98.0 259.46 9.0 10.16 500.0 327.16 10.0 13.7 118.0 296.82 123.0 311.76 500.0 331.5 
9.0 9.38 109.0 227.74 344.0 205.98 138.0 252.22 8.0 10.14 500.0 327.16 18.0 13.82 143.0 292.8 139.0 304.54 500.0 336.64 
9.0 9.4 108.0 222.0 398.0 213.52 134.0 244.9 10.0 10.14 500.0 327.16 13.0 13.84 129.0 285.38 127.0 297.08 500.0 342.46 
11.0 9.44 114.0 216.9 79.0 214.02 99.0 236.88 10.0 10.12 500.0 327.16 19.0 14.0 29.0 275.96 121.0 290.4 500.0 348.1 
9.0 9.42 125.0 211.36 500.0 222.04 126.0 229.4 17.0 10.28 500.0 334.74 18.0 14.16 140.0 272.32 137.0 283.14 500.0 353.8 
10.0 9.42 114.0 203.64 479.0 229.42 112.0 221.64 10.0 10.32 500.0 337.3 21.0 14.34 128.0 267.38 124.0 276.9 500.0 359.7 
10.0 9.44 121.0 196.18 127.0 229.94 187.0 217.6 12.0 10.38 500.0 342.4 14.0 14.32 116.0 262.94 112.0 269.14 461.0 362.98 
10.0 9.46 111.0 188.74 396.0 235.64 191.0 211.42 10.0 10.38 500.0 349.34 22.0 14.48 90.0 260.2 115.0 264.72 500.0 362.98 
10.0 9.48 119.0 181.12 251.0 238.06 151.0 204.44 10.0 10.32 500.0 349.34 14.0 14.52 21.0 253.74 107.0 259.66 89.0 359.24 
9.0 9.5 103.0 173.18 327.0 243.8 179.0 198.02 9.0 10.3 500.0 349.34 14.0 14.5 151.0 252.68 132.0 254.94 500.0 359.3 
8.0 9.48 103.0 170.12 424.0 251.56 156.0 191.14 8.0 10.24 500.0 353.96 12.0 14.52 108.0 249.88 101.0 251.02 191.0 353.12 
10.0 9.48 109.0 167.06 252.0 253.54 155.0 184.24 9.0 10.22 355.0 351.06 14.0 14.56 106.0 244.84 129.0 243.86 500.0 358.86 
10.0 9.5 107.0 159.2 414.0 258.72 151.0 177.26 9.0 10.2 97.0 344.4 17.0 14.72 105.0 242.22 115.0 238.74 289.0 360.46 
9.0 9.46 101.0 151.22 255.0 260.46 153.0 170.32 9.0 10.2 313.0 340.66 22.0 14.86 139.0 240.38 90.0 230.54 278.0 356.02 
9.0 9.46 103.0 145.4 292.0 263.72 162.0 163.56 10.0 10.22 428.0 339.22 16.0 14.88 154.0 240.26 106.0 222.66 391.0 362.16 
10.0 9.48 102.0 143.62 437.0 269.86 153.0 158.64 10.0 10.22 500.0 343.9 21.0 14.96 137.0 238.18 102.0 218.12 413.0 367.34 
9.0 9.46 102.0 138.6 371.0 275.42 167.0 154.16 8.0 10.16 202.0 337.94 20.0 15.02 114.0 233.0 108.0 216.12 500.0 369.7 
9.0 9.46 48.0 134.2 500.0 283.66 198.0 152.38 15.0 10.28 352.0 334.98 15.0 15.02 160.0 231.48 99.0 214.7 112.0 363.0 
10.0 9.48 102.0 130.68 391.0 288.48 147.0 150.28 9.0 10.28 288.0 330.74 17.0 15.16 173.0 226.7 99.0 210.06 500.0 365.66 
10.0 9.52 97.0 128.72 500.0 294.7 205.0 149.16 8.0 10.2 500.0 332.92 22.0 15.38 231.0 226.7 32.0 203.3 500.0 367.36 
10.0 9.54 96.0 126.76 500.0 302.84 190.0 147.84 10.0 10.16 338.0 331.78 15.0 15.42 198.0 224.54 21.0 197.82 500.0 374.54 
9.0 9.52 113.0 125.44 500.0 309.38 210.0 148.14 9.0 10.14 433.0 331.78 18.0 15.54 241.0 223.42 109.0 196.3 127.0 367.08 
9.0 9.5 120.0 124.3 229.0 311.66 194.0 147.88 9.0 10.12 405.0 335.2 18.0 15.56 217.0 223.56 32.0 186.94 175.0 360.58 
9.0 9.48 97.0 122.98 301.0 314.96 246.0 148.8 10.0 10.14 500.0 341.02 27.0 15.88 219.0 223.54 100.0 178.94 500.0 368.62 
10.0 9.5 116.0 122.62 346.0 318.02 237.0 150.18 9.0 10.14 68.0 335.14 18.0 16.0 315.0 224.34 115.0 179.2 500.0 370.42 
9.0 9.48 106.0 121.16 330.0 320.48 214.0 150.06 10.0 10.18 354.0 339.38 30.0 16.3 216.0 220.32 160.0 176.62 500.0 376.58 
10.0 9.5 133.0 120.88 500.0 327.72 224.0 150.46 9.0 10.14 500.0 346.76 16.0 16.22 316.0 219.12 136.0 169.34 500.0 382.32 
8.0 9.44 124.0 120.76 500.0 332.66 196.0 151.68 9.0 10.14 461.0 353.22 25.0 16.44 337.0 220.08 150.0 168.54 500.0 382.6 
9.0 9.42 114.0 120.74 390.0 336.6 260.0 152.86 9.0 10.08 428.0 357.5 32.0 16.76 360.0 220.34 125.0 162.1 107.0 375.42 
10.0 9.42 111.0 120.04 359.0 338.38 247.0 154.4 9.0 10.08 302.0 359.82 22.0 16.88 70.0 220.16 147.0 161.76 500.0 375.66 
11.0 9.46 119.0 119.24 500.0 342.54 332.0 157.84 10.0 10.1 352.0 363.54 32.0 17.22 268.0 216.72 132.0 160.74 351.0 378.78 
10.0 9.46 112.0 118.22 320.0 346.82 263.0 159.48 11.0 10.12 327.0 367.54 26.0 17.4 183.0 214.28 173.0 161.64 78.0 377.02 
9.0 9.44 121.0 118.12 192.0 340.66 343.0 163.4 9.0 10.1 312.0 371.58 20.0 17.46 352.0 213.32 127.0 162.04 209.0 371.2 
10.0 9.4 104.0 117.38 327.0 342.04 330.0 166.96 10.0 10.14 272.0 372.14 27.0 17.58 282.0 210.08 219.0 162.82 379.0 368.78 
9.0 9.38 126.0 116.5 297.0 338.32 374.0 172.14 9.0 10.12 278.0 373.88 36.0 18.04 246.0 207.42 157.0 158.02 105.0 363.22 
9.0 9.38 126.0 116.4 306.0 334.44 70.0 172.34 14.0 10.22 266.0 375.2 53.0 18.82 276.0 202.94 246.0 152.94 63.0 359.6 
11.0 9.4 128.0 115.94 27.0 328.92 40.0 170.92 9.0 10.2 207.0 375.0 30.0 19.2 347.0 202.52 230.0 151.4 189.0 355.52 
10.0 9.44 129.0 115.88 212.0 323.16 229.0 173.02 10.0 10.22 194.0 374.92 30.0 19.52 180.0 196.12 273.0 152.9 500.0 358.52 
8.0 9.42 125.0 115.58 224.0 321.74 215.0 175.0 9.0 10.1 227.0 375.76 65.0 20.48 480.0 195.72 246.0 151.68 384.0 361.86 
10.0 9.44 131.0 115.16 202.0 315.78 489.0 182.62 10.0 10.14 294.0 375.5 38.0 20.98 473.0 199.4 487.0 155.82 500.0 366.36 
9.0 9.42 137.0 115.18 205.0 315.76 500.0 190.06 10.0 10.14 232.0 375.34 28.0 21.28 303.0 197.54 423.0 155.52 461.0 370.78 
10.0 9.44 121.0 115.08 208.0 317.18 500.0 197.44 9.0 10.08 183.0 374.52 110.0 23.24 500.0 202.24 500.0 155.6 248.0 367.72 
11.0 9.46 112.0 115.04 193.0 315.02 500.0 204.42 9.0 9.98 263.0 373.94 98.0 24.96 500.0 207.8 500.0 162.54 31.0 358.34 
10.0 9.46 135.0 114.2 145.0 312.34 500.0 211.88 10.0 9.94 286.0 376.48 91.0 26.6 500.0 212.62 500.0 169.7 500.0 361.12 
10.0 9.48 114.0 113.82 176.0 310.38 500.0 219.34 12.0 9.98 317.0 372.82 75.0 27.88 377.0 216.56 500.0 175.32 500.0 361.12 
8.0 9.44 176.0 114.98 130.0 309.92 304.0 222.66 11.0 10.0 342.0 369.66 172.0 31.08 500.0 223.5 444.0 180.74 104.0 359.78 
10.0 9.46 164.0 115.9 133.0 306.64 500.0 232.08 13.0 10.08 500.0 369.66 65.0 32.16 500.0 231.0 500.0 187.34 500.0 359.78 
8.0 9.46 124.0 115.58 131.0 303.96 500.0 239.56 10.0 10.0 500.0 373.52 66.0 33.1 204.0 232.3 500.0 194.96 38.0 355.16 
9.0 9.48 138.0 115.78 148.0 304.46 336.0 244.04 9.0 9.98 500.0 373.52 44.0 33.64 500.0 239.56 290.0 197.66 318.0 353.8 
10.0 9.48 156.0 116.74 139.0 304.22 500.0 252.1 12.0 9.98 500.0 373.52 41.0 34.14 431.0 247.66 500.0 205.2 500.0 361.82 
9.0 9.5 172.0 117.96 126.0 300.66 500.0 260.14 11.0 10.02 500.0 373.52 30.0 34.54 500.0 255.3 500.0 212.74 241.0 356.64 
9.0 9.5 157.0 118.92 117.0 296.12 195.0 261.28 9.0 10.04 399.0 371.5 40.0 34.98 466.0 261.76 500.0 219.96 323.0 353.1 
10.0 9.52 145.0 119.66 105.0 290.26 500.0 268.6 9.0 10.02 500.0 371.5 30.0 35.32 309.0 265.36 275.0 222.92 500.0 353.1 
10.0 9.5 159.0 120.56 124.0 291.16 330.0 273.22 12.0 10.06 500.0 371.5 52.0 35.98 500.0 274.78 258.0 225.66 500.0 353.1 
8.0 9.48 165.0 121.36 121.0 283.58 500.0 280.7 11.0 9.94 304.0 367.58 14.0 35.9 452.0 281.02 500.0 232.92 500.0 353.1 
9.0 9.46 177.0 122.62 108.0 276.16 253.0 283.52 9.0 9.92 286.0 363.3 19.0 35.86 500.0 288.46 148.0 233.4 389.0 350.88 
10.0 9.46 186.0 123.92 110.0 275.82 305.0 285.88 12.0 9.92 500.0 363.3 16.0 35.9 500.0 296.14 500.0 241.16 500.0 351.66 
10.0 9.46 136.0 124.42 108.0 270.06 370.0 289.46 8.0 9.88 500.0 363.3 35.0 36.16 500.0 304.34 500.0 248.86 500.0 351.66 
8.0 9.42 148.0 125.0 33.0 265.7 98.0 288.4 11.0 9.9 500.0 363.3 73.0 37.34 500.0 313.92 500.0 256.72 500.0 359.88 
9.0 9.42 141.0 125.76 112.0 261.4 216.0 289.14 8.0 9.88 213.0 357.56 35.0 37.76 500.0 320.9 225.0 258.58 500.0 359.88 
9.0 9.44 143.0 126.56 33.0 253.58 196.0 289.94 10.0 9.92 500.0 357.56 26.0 38.04 500.0 328.74 197.0 260.5 500.0 366.06 
9.0 9.42 132.0 127.02 105.0 250.64 463.0 296.1 10.0 9.94 500.0 360.46 68.0 39.12 358.0 333.78 275.0 263.42 500.0 366.06 
9.0 9.4 132.0 127.52 111.0 244.58 471.0 302.5 8.0 9.92 500.0 368.52 32.0 39.42 500.0 341.68 159.0 264.3 500.0 370.28 
9.0 9.4 114.0 127.78 105.0 241.58 500.0 309.44 10.0 9.94 500.0 372.26 101.0 41.0 500.0 348.9 338.0 269.26 500.0 374.72 
10.0 9.42 133.0 128.38 100.0 237.74 500.0 316.2 9.0 9.92 452.0 372.74 41.0 41.5 500.0 355.82 467.0 276.48 500.0 376.9 
10.0 9.42 135.0 129.04 117.0 231.34 500.0 323.14 10.0 9.92 317.0 369.08 227.0 45.62 500.0 363.08 500.0 284.44 500.0 378.64 
10.0 9.44 126.0 129.52 16.0 224.24 203.0 323.86 8.0 9.92 381.0 372.66 162.0 48.46 500.0 370.8 417.0 290.62 500.0 378.64 
10.0 9.46 127.0 131.1 116.0 216.56 273.0 325.36 9.0 9.8 500.0 375.62 146.0 51.08 500.0 377.6 500.0 298.64 500.0 386.4 
9.0 9.44 124.0 131.54 126.0 211.26 186.0 326.14 13.0 9.88 348.0 376.82 365.0 58.04 500.0 384.14 331.0 303.28 500.0 386.4 
10.0 9.44 133.0 132.26 141.0 204.08 224.0 326.52 10.0 9.92 348.0 373.78 200.0 61.6 500.0 389.52 500.0 312.64 283.0 382.06 
10.0 9.44 116.0 132.66 123.0 196.54 236.0 327.44 9.0 9.9 180.0 370.62 128.0 63.86 145.0 388.46 500.0 322.22 500.0 382.06 
9.0 9.44 136.0 133.12 126.0 189.06 281.0 328.86 10.0 9.92 394.0 369.84 500.0 73.5 500.0 393.64 395.0 327.94 500.0 389.52 
10.0 9.46 144.0 133.6 155.0 187.58 367.0 332.32 9.0 9.92 436.0 370.46 309.0 79.32 500.0 399.3 500.0 337.3 500.0 396.02 
10.0 9.48 138.0 134.42 128.0 184.12 242.0 332.24 9.0 9.9 475.0 369.96 264.0 84.06 500.0 404.92 82.0 336.94 500.0 396.02 
10.0 9.48 28.0 132.66 140.0 180.0 259.0 332.68 11.0 9.94 395.0 376.5 151.0 86.72 500.0 408.62 500.0 344.64 429.0 394.6 
11.0 9.52 120.0 132.94 138.0 176.16 251.0 333.42 8.0 9.9 326.0 375.94 411.0 94.34 500.0 414.3 500.0 351.44 500.0 394.6 
9.0 9.5 139.0 133.06 119.0 168.54 353.0 336.0 10.0 9.92 156.0 369.06 500.0 104.02 500.0 417.98 500.0 358.72 446.0 393.52 
9.0 9.52 118.0 132.94 142.0 161.38 197.0 336.02 10.0 9.94 481.0 369.46 384.0 111.2 500.0 421.24 94.0 357.6 500.0 393.52 
9.0 9.52 109.0 132.84 143.0 156.44 286.0 336.54 8.0 9.92 500.0 370.9 500.0 120.56 425.0 422.54 500.0 365.1 500.0 401.38 
8.0 9.48 122.0 133.06 170.0 152.66 278.0 337.16 10.0 9.94 500.0 374.86 252.0 125.16 500.0 431.14 77.0 363.7 225.0 395.88 
10.0 9.46 41.0 131.5 157.0 145.8 401.0 338.54 9.0 9.92 500.0 377.82 482.0 134.16 500.0 435.78 500.0 371.06 475.0 398.36 
10.0 9.46 104.0 131.34 207.0 143.54 321.0 339.7 9.0 9.88 500.0 381.28 173.0 137.1 500.0 442.12 474.0 377.08 500.0 406.8 
10.0 9.48 104.0 131.0 189.0 143.48 393.0 340.7 9.0 9.88 500.0 385.04 500.0 146.7 142.0 437.92 500.0 384.54 500.0 412.62 
9.0 9.46 130.0 131.52 187.0 140.68 283.0 339.76 8.0 9.84 500.0 389.6 90.0 147.96 500.0 442.28 500.0 390.16 500.0 415.04 
9.0 9.46 124.0 131.48 209.0 138.92 317.0 338.62 9.0 9.84 500.0 394.04 356.0 154.36 472.0 446.8 500.0 397.02 500.0 422.94 
10.0 9.48 117.0 131.3 218.0 137.16 405.0 345.32 10.0 9.76 500.0 398.72 99.0 155.28 500.0 451.28 500.0 402.1 500.0 431.68 
9.0 9.44 120.0 131.14 195.0 140.52 398.0 352.48 11.0 9.8 475.0 404.08 403.0 162.74 500.0 454.34 500.0 407.5 500.0 437.9 
10.0 9.44 139.0 131.34 191.0 140.1 338.0 354.66 9.0 9.78 500.0 410.2 500.0 172.14 184.0 454.42 500.0 412.04 500.0 437.9 
11.0 9.5 128.0 131.4 228.0 140.18 439.0 359.14 12.0 9.84 500.0 415.66 142.0 173.68 451.0 453.84 260.0 412.32 500.0 440.22 
9.0 9.48 121.0 131.2 170.0 139.54 414.0 357.64 14.0 9.92 500.0 419.78 393.0 180.78 297.0 450.32 500.0 412.58 500.0 440.22 
9.0 9.48 118.0 130.82 183.0 139.1 445.0 356.54 9.0 9.9 500.0 425.14 500.0 190.22 500.0 454.26 500.0 414.12 500.0 441.0 
10.0 9.48 170.0 131.8 177.0 138.48 500.0 356.54 10.0 9.92 500.0 431.48 293.0 193.88 500.0 454.26 500.0 414.12 500.0 446.04 
9.0 9.44 116.0 131.88 154.0 137.7 500.0 356.54 9.0 9.92 500.0 436.22 500.0 201.92 465.0 453.56 377.0 411.66 500.0 455.42 
10.0 9.44 109.0 131.36 141.0 137.62 381.0 354.16 10.0 9.92 500.0 440.5 488.0 209.86 76.0 445.08 500.0 411.66 500.0 455.42 
8.0 9.4 125.0 131.58 146.0 137.02 500.0 354.16 10.0 9.88 500.0 444.16 154.0 211.44 420.0 445.94 500.0 411.66 500.0 455.42 
10.0 9.44 122.0 130.5 144.0 137.3 500.0 358.08 9.0 9.84 500.0 447.32 315.0 214.3 500.0 445.94 500.0 412.78 500.0 463.34 
10.0 9.44 137.0 129.96 153.0 137.7 500.0 358.08 9.0 9.76 500.0 447.32 329.0 219.58 500.0 445.94 500.0 412.78 251.0 458.36 
10.0 9.48 130.0 130.08 155.0 138.18 500.0 358.08 10.0 9.76 178.0 440.88 169.0 221.64 500.0 451.86 500.0 412.78 300.0 463.6 
9.0 9.48 135.0 130.02 146.0 138.14 474.0 360.84 9.0 9.76 500.0 440.88 30.0 221.36 500.0 451.86 500.0 416.98 293.0 463.1 
9.0 9.46 152.0 129.94 152.0 138.4 500.0 360.84 9.0 9.7 500.0 440.88 171.0 223.96 500.0 453.24 500.0 416.98 260.0 458.3 
9.0 9.46 137.0 129.24 187.0 139.62 406.0 358.96 14.0 9.76 500.0 440.88 210.0 227.56 500.0 453.24 500.0 416.98 136.0 456.2 
10.0 9.48 127.0 128.64 200.0 141.28 292.0 360.9 9.0 9.76 500.0 442.9 149.0 229.74 206.0 448.04 500.0 416.98 34.0 450.42 
10.0 9.48 126.0 128.26 183.0 142.84 188.0 354.66 9.0 9.76 401.0 440.92 210.0 233.34 366.0 449.18 500.0 421.48 291.0 446.24 
10.0 9.48 161.0 128.3 200.0 144.36 220.0 352.46 15.0 9.82 222.0 435.36 28.0 232.86 500.0 449.18 500.0 426.32 20.0 436.64 
10.0 9.52 151.0 128.02 190.0 145.74 218.0 346.82 11.0 9.82 115.0 431.58 168.0 235.94 244.0 445.02 500.0 426.32 46.0 427.56 
9.0 9.52 127.0 127.02 158.0 146.74 240.0 346.56 8.0 9.8 190.0 429.66 172.0 239.0 500.0 445.02 500.0 433.36 123.0 422.24 
10.0 9.52 151.0 126.32 151.0 147.56 230.0 345.06 12.0 9.8 249.0 424.64 173.0 242.14 491.0 444.84 500.0 433.36 108.0 414.4 
10.0 9.52 123.0 126.06 152.0 148.44 163.0 340.92 9.0 9.82 498.0 424.6 194.0 245.32 271.0 440.26 372.0 430.8 112.0 406.64 
10.0 9.56 138.0 125.86 147.0 150.72 131.0 341.58 12.0 9.84 500.0 424.6 198.0 247.82 130.0 432.86 286.0 426.52 17.0 396.98 
10.0 9.58 127.0 125.58 171.0 151.9 140.0 340.06 9.0 9.86 500.0 430.34 219.0 251.5 500.0 432.86 500.0 432.02 118.0 389.34 
11.0 9.62 125.0 125.22 179.0 154.82 165.0 339.44 8.0 9.82 500.0 430.34 246.0 255.9 470.0 432.26 500.0 438.08 120.0 381.74 
8.0 9.6 146.0 125.5 161.0 155.94 132.0 332.82 9.0 9.8 500.0 430.34 179.0 258.12 488.0 434.86 500.0 442.58 43.0 372.6 
9.0 9.6 148.0 125.82 160.0 156.92 125.0 325.9 9.0 9.82 312.0 426.58 93.0 259.34 500.0 434.86 500.0 449.4 114.0 364.88 
9.0 9.6 139.0 126.32 120.0 157.22 109.0 318.08 9.0 9.8 500.0 426.58 178.0 260.88 216.0 429.18 500.0 452.64 108.0 357.04 
10.0 9.6 169.0 127.04 155.0 158.32 138.0 310.84 10.0 9.82 379.0 425.12 185.0 263.76 384.0 426.86 500.0 453.3 108.0 349.2 
10.0 9.6 155.0 127.44 133.0 158.64 119.0 303.22 8.0 9.78 500.0 428.78 192.0 263.06 500.0 426.86 500.0 453.3 108.0 341.36 
10.0 9.6 176.0 128.44 185.0 162.02 124.0 301.64 9.0 9.8 498.0 431.12 163.0 263.08 211.0 421.08 301.0 450.98 110.0 333.56 
11.0 9.62 148.0 128.86 162.0 162.94 82.0 297.82 10.0 9.82 500.0 431.12 128.0 262.72 379.0 418.66 434.0 449.66 117.0 325.9 
11.0 9.66 154.0 129.46 180.0 164.02 109.0 296.28 11.0 9.78 343.0 431.02 157.0 258.56 159.0 411.84 500.0 453.04 106.0 318.02 
9.0 9.64 188.0 130.56 145.0 164.1 130.0 294.4 9.0 9.76 500.0 434.06 135.0 257.26 500.0 411.84 500.0 453.04 106.0 314.48 
11.0 9.66 156.0 131.36 147.0 164.58 116.0 292.0 10.0 9.78 368.0 437.82 120.0 257.1 500.0 418.94 226.0 447.56 102.0 306.52 
10.0 9.68 203.0 132.7 124.0 164.54 104.0 288.46 9.0 9.76 500.0 439.94 135.0 249.8 500.0 418.94 500.0 449.66 20.0 296.92 
10.0 9.68 181.0 133.44 113.0 163.7 159.0 284.3 9.0 9.76 500.0 441.22 125.0 246.12 500.0 418.94 500.0 449.66 26.0 287.44 
11.0 9.7 179.0 134.26 172.0 164.58 114.0 281.74 11.0 9.8 500.0 441.72 101.0 242.86 500.0 418.94 500.0 458.02 45.0 278.34 
10.0 9.7 166.0 137.02 140.0 164.58 114.0 278.84 11.0 9.8 500.0 443.82 119.0 242.22 500.0 418.94 500.0 458.02 115.0 272.06 
9.0 9.66 196.0 138.54 173.0 165.28 150.0 276.82 9.0 9.82 500.0 447.3 109.0 236.18 159.0 412.12 500.0 458.02 110.0 264.26 
9.0 9.66 181.0 139.38 152.0 165.94 159.0 272.94 10.0 9.82 500.0 454.18 129.0 228.76 500.0 412.12 500.0 458.02 110.0 257.54 
9.0 9.66 205.0 141.12 182.0 166.74 144.0 271.88 14.0 9.9 500.0 454.56 137.0 223.82 500.0 412.12 500.0 466.14 38.0 248.3 
8.0 9.64 223.0 143.4 144.0 166.76 216.0 270.48 10.0 9.94 500.0 454.56 103.0 215.88 500.0 413.62 500.0 466.14 115.0 240.6 
9.0 9.66 150.0 143.96 177.0 166.9 188.0 268.68 11.0 9.96 500.0 454.56 147.0 213.78 335.0 410.32 500.0 474.6 34.0 236.78 
10.0 9.66 238.0 147.9 121.0 166.18 187.0 264.4 10.0 9.98 500.0 454.56 119.0 206.52 500.0 410.32 500.0 474.6 24.0 227.76 
9.0 9.64 201.0 149.84 147.0 164.98 210.0 262.18 18.0 10.16 500.0 454.56 35.0 203.76 500.0 410.32 500.0 475.12 128.0 220.32 
9.0 9.62 245.0 152.66 178.0 164.76 167.0 257.66 9.0 10.16 500.0 454.56 142.0 196.6 500.0 417.48 500.0 475.12 168.0 213.68 
10.0 9.64 212.0 154.3 149.0 164.0 156.0 255.12 13.0 10.26 500.0 454.56 131.0 197.42 424.0 415.96 500.0 475.12 127.0 206.22 
10.0 9.66 202.0 155.86 158.0 162.98 168.0 252.14 10.0 10.28 500.0 454.56 160.0 193.5 434.0 415.2 500.0 475.12 188.0 199.98 
9.0 9.64 192.0 157.36 143.0 161.48 170.0 247.44 12.0 10.32 500.0 454.56 159.0 194.7 500.0 415.2 301.0 471.14 179.0 193.56 
9.0 9.64 185.0 158.66 111.0 159.8 137.0 242.22 9.0 10.28 475.0 454.56 143.0 189.5 500.0 415.2 500.0 471.14 183.0 187.22 
10.0 9.64 158.0 159.04 119.0 158.36 151.0 238.48 9.0 10.28 500.0 454.56 165.0 182.8 500.0 421.52 500.0 471.14 160.0 180.42 
9.0 9.6 198.0 160.44 116.0 156.12 147.0 232.64 9.0 10.22 500.0 454.56 170.0 183.36 500.0 422.5 500.0 475.94 177.0 173.96 
8.0 9.58 197.0 161.96 144.0 155.6 143.0 227.22 11.0 10.16 500.0 454.56 112.0 177.74 500.0 426.56 371.0 473.36 201.0 167.98 
9.0 9.58 211.0 163.82 174.0 155.42 145.0 221.22 9.0 10.16 500.0 454.56 195.0 171.64 500.0 426.56 500.0 473.36 202.0 162.02 
8.0 9.54 169.0 163.8 134.0 154.56 120.0 213.62 8.0 10.12 500.0 454.56 201.0 169.8 212.0 420.8 500.0 473.36 221.0 156.44 
9.0 9.54 178.0 165.04 134.0 154.16 150.0 206.62 10.0 10.14 500.0 454.56 258.0 164.96 500.0 421.5 500.0 475.82 206.0 150.56 
9.0 9.52 158.0 166.02 126.0 153.86 126.0 201.52 12.0 10.18 500.0 454.56 302.0 161.24 500.0 429.98 500.0 475.82 276.0 146.08 
10.0 9.56 158.0 166.68 137.0 153.68 133.0 194.18 11.0 10.2 500.0 454.56 330.0 164.76 500.0 431.58 500.0 475.82 243.0 140.94 
11.0 9.58 136.0 166.96 143.0 153.66 145.0 187.08 13.0 10.28 500.0 454.56 95.0 160.36 500.0 431.58 500.0 475.82 211.0 135.16 
10.0 9.58 177.0 167.76 194.0 154.48 144.0 179.96 11.0 10.32 500.0 454.56 145.0 156.68 500.0 431.58 500.0 475.82 369.0 137.52 
10.0 9.58 162.0 168.4 151.0 154.4 153.0 173.02 10.0 10.32 500.0 461.0 191.0 157.12 500.0 431.58 500.0 475.82 263.0 136.78 
9.0 9.58 150.0 168.7 165.0 154.78 202.0 167.58 10.0 10.34 500.0 461.0 361.0 163.74 500.0 431.58 500.0 475.82 327.0 137.46 
9.0 9.58 153.0 168.72 201.0 155.76 131.0 160.2 18.0 10.52 390.0 458.8 460.0 169.52 500.0 431.58 263.0 471.08 500.0 142.26 
9.0 9.58 132.0 168.62 206.0 156.14 129.0 154.66 9.0 10.42 500.0 458.8 326.0 171.84 500.0 431.58 500.0 471.08 500.0 149.54 
9.0 9.56 131.0 168.7 204.0 156.22 153.0 151.88 8.0 10.4 500.0 458.8 295.0 174.76 500.0 437.46 141.0 463.9 500.0 158.86 
10.0 9.56 146.0 169.1 165.0 155.86 170.0 151.52 11.0 10.44 500.0 460.78 453.0 179.62 500.0 440.14 500.0 463.9 500.0 163.04 
10.0 9.56 164.0 169.16 183.0 155.52 205.0 151.22 10.0 10.34 478.0 465.9 500.0 189.06 500.0 440.14 500.0 463.9 500.0 172.64 
10.0 9.56 152.0 169.18 185.0 155.42 193.0 150.72 9.0 10.3 500.0 473.6 500.0 195.7 500.0 445.26 500.0 463.9 500.0 181.72 
8.0 9.54 169.0 170.02 229.0 156.84 173.0 149.38 9.0 10.32 500.0 479.8 500.0 202.26 500.0 445.26 500.0 463.9 500.0 189.26 
10.0 9.54 149.0 169.98 178.0 157.38 170.0 148.18 9.0 10.26 500.0 484.82 192.0 202.64 500.0 445.44 500.0 463.9 500.0 197.1 
9.0 9.52 141.0 170.34 229.0 158.92 226.0 149.44 10.0 10.28 500.0 484.86 500.0 208.76 500.0 450.02 500.0 466.46 500.0 204.86 
10.0 9.52 178.0 171.14 156.0 159.1 196.0 150.74 9.0 10.22 500.0 484.86 500.0 214.8 500.0 457.42 500.0 470.74 500.0 214.52 
9.0 9.5 173.0 172.06 186.0 159.4 256.0 153.06 11.0 10.26 500.0 484.86 168.0 213.78 500.0 457.42 500.0 470.74 500.0 222.16 
8.0 9.44 139.0 172.34 176.0 159.34 235.0 154.46 10.0 10.3 500.0 484.86 186.0 212.58 500.0 458.02 500.0 470.74 500.0 229.76 
11.0 9.5 199.0 173.4 147.0 159.06 273.0 157.28 11.0 10.34 500.0 484.86 356.0 216.12 500.0 458.26 500.0 470.74 500.0 238.9 
12.0 9.56 194.0 174.32 138.0 158.62 370.0 162.18 10.0 10.36 500.0 488.62 314.0 220.54 500.0 458.26 500.0 470.74 500.0 246.62 
10.0 9.58 198.0 175.5 109.0 158.4 279.0 165.58 10.0 10.38 500.0 488.62 353.0 224.04 500.0 463.94 432.0 469.38 500.0 254.46 
10.0 9.58 225.0 176.62 139.0 158.08 402.0 170.86 9.0 10.36 500.0 491.04 365.0 227.64 500.0 466.26 390.0 467.18 500.0 262.3 
8.0 9.54 240.0 178.32 138.0 158.18 500.0 178.48 9.0 10.38 500.0 491.04 339.0 230.58 500.0 466.26 346.0 464.1 500.0 270.14 
9.0 9.52 214.0 179.08 136.0 157.2 500.0 186.0 9.0 10.38 500.0 491.08 500.0 237.32 500.0 472.04 423.0 466.54 500.0 277.94 
9.0 9.48 191.0 179.94 127.0 156.5 500.0 194.36 8.0 10.34 500.0 491.08 116.0 237.08 500.0 474.46 407.0 466.0 500.0 285.6 
10.0 9.46 238.0 181.62 183.0 156.56 500.0 202.18 10.0 10.32 500.0 494.22 500.0 243.94 500.0 481.28 500.0 466.0 500.0 293.48 
10.0 9.48 241.0 182.68 168.0 157.02 500.0 209.58 9.0 10.32 500.0 494.22 300.0 247.24 500.0 481.28 500.0 466.0 500.0 301.36 
10.0 9.46 243.0 184.42 155.0 157.18 500.0 217.26 10.0 10.32 369.0 494.24 157.0 247.98 500.0 481.28 500.0 471.48 500.0 309.32 
9.0 9.44 211.0 184.58 158.0 157.86 500.0 225.18 10.0 10.34 500.0 494.24 257.0 250.42 500.0 481.28 500.0 471.48 500.0 318.92 
10.0 9.44 203.0 185.02 173.0 159.06 500.0 232.0 8.0 10.32 500.0 494.24 156.0 251.04 500.0 481.28 500.0 471.48 500.0 328.4 
10.0 9.42 210.0 185.64 158.0 158.78 500.0 239.72 9.0 10.28 500.0 494.24 500.0 259.02 334.0 477.96 500.0 471.48 500.0 337.5 
9.0 9.4 172.0 185.76 160.0 159.18 500.0 247.44 10.0 10.26 500.0 494.24 495.0 266.54 458.0 477.12 500.0 471.48 500.0 345.2 
8.0 9.38 210.0 186.04 177.0 159.26 500.0 254.44 10.0 10.28 500.0 494.24 352.0 271.4 435.0 482.64 500.0 471.48 500.0 353.0 
9.0 9.38 155.0 185.52 179.0 159.8 500.0 261.26 10.0 10.28 500.0 494.24 352.0 275.86 283.0 478.3 500.0 471.48 500.0 360.8 
10.0 9.4 196.0 185.34 197.0 160.1 500.0 268.38 10.0 10.2 500.0 494.24 114.0 275.4 337.0 475.04 500.0 471.48 500.0 370.04 
9.0 9.42 213.0 185.14 149.0 160.2 500.0 274.06 9.0 10.18 500.0 494.24 104.0 275.42 427.0 473.58 500.0 471.48 500.0 377.74 
10.0 9.44 213.0 186.4 197.0 160.6 384.0 277.98 10.0 10.16 500.0 494.24 65.0 273.78 293.0 472.74 500.0 471.48 500.0 387.06 
9.0 9.42 185.0 185.34 210.0 162.38 500.0 284.24 9.0 10.14 500.0 494.24 240.0 276.2 269.0 468.12 500.0 471.48 500.0 396.58 
9.0 9.42 176.0 184.84 189.0 163.22 500.0 290.04 9.0 9.96 500.0 494.24 103.0 277.56 277.0 463.66 500.0 471.48 500.0 404.02 
10.0 9.44 223.0 184.4 193.0 163.52 500.0 296.7 9.0 9.96 500.0 494.24 365.0 282.02 232.0 458.3 500.0 471.48 500.0 410.66 
10.0 9.44 186.0 183.88 185.0 164.24 500.0 303.58 9.0 9.88 500.0 494.24 299.0 285.38 312.0 456.06 500.0 471.48 500.0 418.12 
8.0 9.4 194.0 183.72 165.0 164.38 500.0 310.22 10.0 9.88 500.0 494.24 500.0 292.18 380.0 454.98 500.0 471.48 500.0 424.36 
9.0 9.4 209.0 184.06 165.0 164.82 500.0 316.82 12.0 9.88 500.0 494.24 131.0 291.62 381.0 452.6 500.0 475.46 500.0 430.78 
9.0 9.4 188.0 184.12 154.0 165.68 500.0 324.08 9.0 9.88 500.0 494.74 500.0 298.76 247.0 447.54 500.0 475.46 500.0 437.12 
10.0 9.4 224.0 185.44 121.0 165.72 500.0 331.06 9.0 9.88 500.0 494.74 500.0 305.46 500.0 447.54 500.0 475.46 500.0 443.92 
10.0 9.42 173.0 184.94 152.0 166.44 500.0 338.12 8.0 9.86 500.0 494.74 228.0 306.62 380.0 445.14 500.0 475.46 500.0 450.38 
10.0 9.46 179.0 184.58 147.0 166.5 500.0 345.26 10.0 9.84 500.0 494.74 168.0 307.74 382.0 442.78 500.0 478.04 500.0 456.36 
