37.0 37.0 18.0 18.0 13.0 13.0 21.0 21.0 17.0 17.0 10.0 10.0 27.0 27.0 14.0 14.0 11.0 11.0 21.0 21.0 
17.0 27.0 17.0 17.5 12.0 12.5 11.0 16.0 35.0 26.0 33.0 21.5 40.0 33.5 77.0 45.5 54.0 32.5 18.0 19.5 
25.0 26.333333333333332 39.0 24.666666666666668 18.0 14.333333333333334 10.0 14.0 14.0 22.0 12.0 18.333333333333332 18.0 28.333333333333332 49.0 46.666666666666664 10.0 25.0 19.0 19.333333333333332 
11.0 22.5 29.0 25.75 12.0 13.75 31.0 18.25 18.0 21.0 15.0 17.5 45.0 32.5 37.0 44.25 27.0 25.5 42.0 25.0 
11.0 20.2 13.0 23.2 23.0 15.6 17.0 18.0 17.0 20.2 23.0 18.6 33.0 32.6 33.0 42.0 16.0 23.6 14.0 22.8 
13.0 19.0 28.0 24.0 22.0 16.666666666666668 17.0 17.833333333333332 36.0 22.833333333333332 24.0 19.5 14.0 29.5 15.0 37.5 19.0 22.833333333333332 18.0 22.0 
14.0 18.285714285714285 19.0 23.285714285714285 14.0 16.285714285714285 12.0 17.0 10.0 21.0 28.0 20.714285714285715 20.0 28.142857142857142 22.0 35.285714285714285 27.0 23.428571428571427 15.0 21.0 
17.0 18.125 11.0 21.75 43.0 19.625 11.0 16.25 15.0 20.25 15.0 20.0 11.0 26.0 14.0 32.625 14.0 22.25 20.0 20.875 
20.0 18.333333333333332 15.0 21.0 19.0 19.555555555555557 10.0 15.555555555555555 28.0 21.11111111111111 18.0 19.77777777777778 20.0 25.333333333333332 25.0 31.77777777777778 14.0 21.333333333333332 13.0 20.0 
29.0 19.4 10.0 19.9 42.0 21.8 20.0 16.0 14.0 20.4 63.0 24.1 22.0 25.0 20.0 30.6 75.0 26.7 23.0 20.3 
12.0 18.727272727272727 23.0 20.181818181818183 30.0 22.545454545454547 12.0 15.636363636363637 15.0 19.90909090909091 18.0 23.545454545454547 25.0 25.0 13.0 29.0 26.0 26.636363636363637 24.0 20.636363636363637 
42.0 20.666666666666668 13.0 19.583333333333332 10.0 21.5 17.0 15.75 14.0 19.416666666666668 28.0 23.916666666666668 49.0 27.0 19.0 28.166666666666668 15.0 25.666666666666668 13.0 20.0 
41.0 22.23076923076923 13.0 19.076923076923077 14.0 20.923076923076923 19.0 16.0 21.0 19.53846153846154 21.0 23.692307692307693 19.0 26.384615384615383 19.0 27.46153846153846 27.0 25.76923076923077 28.0 20.615384615384617 
22.0 22.214285714285715 12.0 18.571428571428573 12.0 20.285714285714285 12.0 15.714285714285714 22.0 19.714285714285715 15.0 23.071428571428573 46.0 27.785714285714285 14.0 26.5 9.0 24.571428571428573 11.0 19.928571428571427 
20.0 22.066666666666666 11.0 18.066666666666666 23.0 20.466666666666665 11.0 15.4 26.0 20.133333333333333 42.0 24.333333333333332 27.0 27.733333333333334 14.0 25.666666666666668 12.0 23.733333333333334 12.0 19.4 
8.0 21.1875 12.0 17.6875 31.0 21.125 20.0 15.6875 33.0 20.9375 16.0 23.8125 15.0 26.9375 21.0 25.375 14.0 23.125 10.0 18.8125 
12.0 20.647058823529413 17.0 17.647058823529413 19.0 21.0 17.0 15.764705882352942 40.0 22.058823529411764 20.0 23.58823529411765 11.0 26.0 18.0 24.941176470588236 16.0 22.705882352941178 27.0 19.294117647058822 
16.0 20.38888888888889 15.0 17.5 40.0 22.055555555555557 15.0 15.722222222222221 27.0 22.333333333333332 20.0 23.38888888888889 13.0 25.27777777777778 37.0 25.61111111111111 15.0 22.27777777777778 32.0 20.0 
15.0 20.105263157894736 45.0 18.94736842105263 18.0 21.842105263157894 16.0 15.736842105263158 22.0 22.31578947368421 13.0 22.842105263157894 15.0 24.736842105263158 15.0 25.05263157894737 14.0 21.842105263157894 11.0 19.526315789473685 
9.0 19.55 24.0 19.2 17.0 21.6 10.0 15.45 15.0 21.95 36.0 23.5 24.0 24.7 16.0 24.6 20.0 21.75 34.0 20.25 
23.0 19.714285714285715 16.0 19.047619047619047 12.0 21.142857142857142 13.0 15.333333333333334 19.0 21.80952380952381 12.0 22.952380952380953 22.0 24.571428571428573 26.0 24.666666666666668 14.0 21.38095238095238 16.0 20.047619047619047 
10.0 19.272727272727273 30.0 19.545454545454547 14.0 20.818181818181817 19.0 15.5 37.0 22.5 34.0 23.454545454545453 21.0 24.40909090909091 20.0 24.454545454545453 22.0 21.40909090909091 27.0 20.363636363636363 
22.0 19.391304347826086 16.0 19.391304347826086 13.0 20.47826086956522 20.0 15.695652173913043 18.0 22.304347826086957 32.0 23.82608695652174 14.0 23.956521739130434 17.0 24.130434782608695 12.0 21.0 36.0 21.043478260869566 
13.0 19.125 10.0 19.0 16.0 20.291666666666668 9.0 15.416666666666666 39.0 23.0 57.0 25.208333333333332 11.0 23.416666666666668 22.0 24.041666666666668 19.0 20.916666666666668 25.0 21.208333333333332 
11.0 18.8 37.0 19.72 13.0 20.0 16.0 15.44 26.0 23.12 30.0 25.4 11.0 22.92 28.0 24.2 15.0 20.68 33.0 21.68 
13.0 18.576923076923077 9.0 19.307692307692307 54.0 21.307692307692307 29.0 15.961538461538462 19.0 22.96153846153846 69.0 27.076923076923077 18.0 22.73076923076923 25.0 24.23076923076923 16.0 20.5 11.0 21.26923076923077 
20.0 18.62962962962963 9.0 18.925925925925927 14.0 21.037037037037038 22.0 16.185185185185187 25.0 23.037037037037038 50.0 27.925925925925927 24.0 22.77777777777778 36.0 24.666666666666668 13.0 20.22222222222222 20.0 21.22222222222222 
11.0 18.357142857142858 11.0 18.642857142857142 16.0 20.857142857142858 16.0 16.178571428571427 31.0 23.321428571428573 18.0 27.571428571428573 79.0 24.785714285714285 15.0 24.321428571428573 9.0 19.821428571428573 12.0 20.892857142857142 
10.0 18.06896551724138 9.0 18.310344827586206 18.0 20.75862068965517 15.0 16.137931034482758 45.0 24.06896551724138 31.0 27.689655172413794 31.0 25.0 10.0 23.82758620689655 27.0 20.06896551724138 21.0 20.896551724137932 
12.0 17.866666666666667 13.0 18.133333333333333 10.0 20.4 18.0 16.2 32.0 24.333333333333332 11.0 27.133333333333333 43.0 25.6 18.0 23.633333333333333 45.0 20.9 26.0 21.066666666666666 
9.0 17.580645161290324 8.0 17.806451612903224 12.0 20.129032258064516 16.0 16.193548387096776 15.0 24.032258064516128 16.0 26.774193548387096 42.0 26.129032258064516 52.0 24.548387096774192 36.0 21.387096774193548 9.0 20.677419354838708 
10.0 17.34375 12.0 17.625 10.0 19.8125 11.0 16.03125 24.0 24.03125 17.0 26.46875 14.0 25.75 14.0 24.21875 29.0 21.625 18.0 20.59375 
10.0 17.12121212121212 13.0 17.484848484848484 11.0 19.545454545454547 10.0 15.848484848484848 36.0 24.393939393939394 14.0 26.09090909090909 30.0 25.87878787878788 9.0 23.757575757575758 23.0 21.666666666666668 12.0 20.333333333333332 
18.0 17.147058823529413 9.0 17.235294117647058 23.0 19.647058823529413 10.0 15.676470588235293 19.0 24.235294117647058 24.0 26.029411764705884 17.0 25.61764705882353 25.0 23.794117647058822 17.0 21.529411764705884 21.0 20.352941176470587 
12.0 17.0 10.0 17.02857142857143 9.0 19.34285714285714 15.0 15.657142857142857 17.0 24.02857142857143 18.0 25.8 26.0 25.62857142857143 9.0 23.37142857142857 15.0 21.34285714285714 22.0 20.4 
14.0 16.916666666666668 12.0 16.88888888888889 15.0 19.22222222222222 12.0 15.555555555555555 35.0 24.333333333333332 17.0 25.555555555555557 23.0 25.555555555555557 28.0 23.5 14.0 21.13888888888889 11.0 20.13888888888889 
9.0 16.7027027027027 14.0 16.81081081081081 29.0 19.486486486486488 10.0 15.405405405405405 42.0 24.81081081081081 27.0 25.594594594594593 42.0 26.0 11.0 23.16216216216216 19.0 21.08108108108108 14.0 19.972972972972972 
14.0 16.63157894736842 10.0 16.63157894736842 30.0 19.763157894736842 9.0 15.236842105263158 20.0 24.68421052631579 21.0 25.473684210526315 35.0 26.236842105263158 9.0 22.789473684210527 26.0 21.210526315789473 23.0 20.05263157894737 
14.0 16.564102564102566 10.0 16.46153846153846 15.0 19.641025641025642 18.0 15.307692307692308 87.0 26.28205128205128 33.0 25.666666666666668 42.0 26.641025641025642 13.0 22.53846153846154 9.0 20.897435897435898 31.0 20.333333333333332 
11.0 16.425 9.0 16.275 14.0 19.5 11.0 15.2 50.0 26.875 14.0 25.375 34.0 26.825 19.0 22.45 18.0 20.825 21.0 20.35 
10.0 16.26829268292683 9.0 16.097560975609756 16.0 19.414634146341463 14.0 15.170731707317072 30.0 26.951219512195124 31.0 25.51219512195122 56.0 27.536585365853657 17.0 22.317073170731707 15.0 20.682926829268293 21.0 20.365853658536587 
22.0 16.404761904761905 11.0 15.976190476190476 11.0 19.214285714285715 12.0 15.095238095238095 51.0 27.523809523809526 22.0 25.428571428571427 80.0 28.785714285714285 24.0 22.357142857142858 12.0 20.476190476190474 19.0 20.333333333333332 
11.0 16.27906976744186 16.0 15.976744186046512 33.0 19.53488372093023 9.0 14.953488372093023 34.0 27.674418604651162 20.0 25.302325581395348 49.0 29.25581395348837 18.0 22.25581395348837 13.0 20.302325581395348 12.0 20.13953488372093 
9.0 16.113636363636363 17.0 16.0 42.0 20.045454545454547 13.0 14.909090909090908 34.0 27.818181818181817 32.0 25.454545454545453 103.0 30.931818181818183 10.0 21.977272727272727 9.0 20.045454545454547 13.0 19.977272727272727 
10.0 15.977777777777778 15.0 15.977777777777778 13.0 19.88888888888889 10.0 14.8 53.0 28.377777777777776 30.0 25.555555555555557 15.0 30.57777777777778 14.0 21.8 10.0 19.822222222222223 23.0 20.044444444444444 
9.0 15.826086956521738 13.0 15.91304347826087 18.0 19.847826086956523 15.0 14.804347826086957 27.0 28.347826086956523 25.0 25.543478260869566 116.0 32.43478260869565 11.0 21.565217391304348 17.0 19.76086956521739 20.0 20.043478260869566 
8.0 15.659574468085106 12.0 15.829787234042554 13.0 19.70212765957447 14.0 14.787234042553191 93.0 29.72340425531915 17.0 25.361702127659573 51.0 32.829787234042556 18.0 21.48936170212766 22.0 19.80851063829787 29.0 20.23404255319149 
11.0 15.5625 9.0 15.6875 15.0 19.604166666666668 31.0 15.125 82.0 30.8125 28.0 25.416666666666668 68.0 33.5625 14.0 21.333333333333332 13.0 19.666666666666668 21.0 20.25 
10.0 15.448979591836734 11.0 15.591836734693878 10.0 19.408163265306122 16.0 15.142857142857142 31.0 30.816326530612244 21.0 25.3265306122449 31.0 33.51020408163265 16.0 21.224489795918366 14.0 19.551020408163264 25.0 20.346938775510203 
11.0 15.36 10.0 15.48 13.0 19.28 14.0 15.12 105.0 32.3 10.0 25.02 24.0 33.32 20.0 21.2 46.0 20.08 23.0 20.4 
10.0 14.82 12.0 15.36 11.0 19.24 9.0 14.88 41.0 32.78 15.0 25.12 20.0 33.18 15.0 21.22 13.0 20.12 16.0 20.3 
10.0 14.68 9.0 15.2 26.0 19.52 12.0 14.9 43.0 32.94 16.0 24.78 16.0 32.7 12.0 19.92 35.0 19.74 18.0 20.3 
14.0 14.46 14.0 14.7 10.0 19.36 10.0 14.9 41.0 33.48 21.0 24.96 18.0 32.7 11.0 19.16 16.0 19.86 28.0 20.48 
8.0 14.4 13.0 14.38 9.0 19.3 9.0 14.46 62.0 34.36 17.0 25.0 20.0 32.2 25.0 18.92 24.0 19.8 17.0 19.98 
8.0 14.34 10.0 14.32 14.0 19.12 26.0 14.64 29.0 34.6 22.0 24.98 72.0 32.98 25.0 18.76 20.0 19.88 16.0 20.02 
15.0 14.38 12.0 14.0 34.0 19.36 32.0 14.94 66.0 35.2 33.0 25.16 33.0 33.36 17.0 18.8 13.0 19.76 21.0 20.08 
13.0 14.36 11.0 13.84 18.0 19.44 16.0 15.02 45.0 35.9 14.0 24.88 36.0 33.68 14.0 18.64 10.0 19.42 18.0 20.14 
9.0 14.2 10.0 13.82 25.0 19.08 10.0 15.0 14.0 35.88 27.0 25.12 12.0 33.7 13.0 18.62 13.0 19.4 39.0 20.52 
8.0 13.96 9.0 13.7 11.0 18.92 10.0 15.0 65.0 36.62 23.0 25.22 40.0 34.1 12.0 18.36 28.0 19.68 42.0 21.1 
12.0 13.62 10.0 13.7 10.0 18.28 11.0 14.82 102.0 38.38 10.0 24.16 50.0 34.66 9.0 18.14 40.0 18.98 21.0 21.06 
10.0 13.58 9.0 13.42 13.0 17.94 9.0 14.76 30.0 38.68 8.0 23.96 45.0 35.06 19.0 18.26 30.0 19.06 22.0 21.02 
14.0 13.02 10.0 13.36 21.0 18.16 10.0 14.62 71.0 39.82 15.0 23.7 90.0 35.88 12.0 18.12 14.0 19.04 51.0 21.78 
10.0 12.4 9.0 13.28 17.0 18.22 19.0 14.62 115.0 41.7 14.0 23.56 107.0 37.64 11.0 17.96 17.0 18.84 17.0 21.56 
10.0 12.16 12.0 13.28 26.0 18.5 14.0 14.66 148.0 44.22 17.0 23.6 55.0 37.82 10.0 17.88 43.0 19.52 19.0 21.72 
10.0 11.96 10.0 13.26 12.0 18.28 17.0 14.78 161.0 46.92 17.0 23.1 25.0 37.78 11.0 17.82 20.0 19.68 13.0 21.74 
13.0 12.06 10.0 13.22 11.0 17.88 10.0 14.58 40.0 47.06 28.0 23.34 68.0 38.84 14.0 17.68 13.0 19.66 34.0 22.22 
12.0 12.06 10.0 13.08 14.0 17.78 10.0 14.44 220.0 50.66 13.0 23.2 62.0 39.86 13.0 17.58 20.0 19.74 15.0 21.98 
12.0 11.98 8.0 12.94 17.0 17.32 16.0 14.46 179.0 53.7 19.0 23.18 66.0 40.92 9.0 17.02 9.0 19.62 15.0 21.64 
10.0 11.88 10.0 12.24 9.0 17.14 12.0 14.38 47.0 54.2 15.0 23.22 23.0 41.08 11.0 16.94 13.0 19.6 102.0 23.46 
10.0 11.9 9.0 11.94 13.0 17.06 19.0 14.56 56.0 55.02 12.0 22.74 44.0 41.48 15.0 16.92 14.0 19.48 66.0 24.1 
10.0 11.64 10.0 11.82 13.0 17.08 10.0 14.5 82.0 56.28 12.0 22.74 58.0 42.2 13.0 16.66 10.0 19.4 26.0 24.3 
11.0 11.66 9.0 11.4 12.0 17.04 13.0 14.38 50.0 56.54 14.0 22.34 88.0 43.54 17.0 16.6 13.0 19.22 11.0 23.98 
16.0 11.54 9.0 11.26 12.0 17.02 10.0 14.18 96.0 58.1 12.0 21.94 57.0 44.4 8.0 16.42 10.0 19.18 20.0 23.66 
12.0 11.52 10.0 11.26 11.0 16.92 13.0 14.26 19.0 57.7 14.0 21.08 95.0 46.08 13.0 16.24 16.0 19.12 14.0 23.44 
10.0 11.5 10.0 10.72 11.0 16.88 11.0 14.16 214.0 61.46 13.0 20.74 53.0 46.92 13.0 15.94 18.0 19.18 40.0 23.58 
11.0 11.46 10.0 10.74 10.0 16.0 11.0 13.8 35.0 61.78 11.0 19.58 87.0 48.3 9.0 15.62 9.0 19.04 14.0 23.64 
13.0 11.32 10.0 10.76 10.0 15.92 14.0 13.64 84.0 62.96 11.0 18.8 31.0 48.44 10.0 15.1 16.0 19.1 22.0 23.68 
9.0 11.28 9.0 10.72 10.0 15.8 15.0 13.62 195.0 66.24 13.0 18.7 106.0 48.98 10.0 15.0 15.0 19.22 39.0 24.22 
10.0 11.28 10.0 10.74 13.0 15.7 11.0 13.54 227.0 69.88 11.0 18.3 26.0 48.88 12.0 15.04 13.0 18.94 35.0 24.5 
10.0 11.24 9.0 10.66 11.0 15.72 12.0 13.42 116.0 71.56 13.0 18.34 24.0 48.5 12.0 14.92 26.0 18.56 20.0 24.38 
10.0 11.26 12.0 10.74 8.0 15.64 15.0 13.4 111.0 73.48 10.0 18.22 40.0 48.46 10.0 14.08 11.0 18.06 16.0 24.52 
13.0 11.32 9.0 10.68 8.0 15.6 16.0 13.5 192.0 76.84 12.0 18.12 90.0 49.98 19.0 14.18 10.0 17.68 24.0 24.64 
10.0 11.32 10.0 10.62 13.0 15.64 10.0 13.5 209.0 80.3 11.0 18.06 78.0 50.94 10.0 14.2 19.0 17.6 40.0 25.2 
9.0 11.14 8.0 10.6 13.0 15.44 10.0 13.5 105.0 82.02 11.0 17.8 54.0 51.68 12.0 13.94 9.0 17.44 17.0 25.12 
10.0 11.1 10.0 10.6 14.0 15.54 12.0 13.44 174.0 85.16 12.0 17.68 126.0 53.68 13.0 14.02 20.0 17.54 30.0 25.28 
9.0 11.0 10.0 10.56 8.0 15.4 11.0 13.42 162.0 87.7 10.0 17.54 91.0 55.04 10.0 13.66 17.0 17.6 23.0 25.52 
14.0 11.1 10.0 10.48 9.0 15.0 11.0 13.44 125.0 89.36 22.0 17.44 35.0 54.9 10.0 13.64 11.0 17.44 49.0 26.22 
13.0 11.08 9.0 10.46 10.0 14.6 16.0 13.58 115.0 91.26 13.0 17.28 42.0 55.04 10.0 13.66 19.0 17.3 18.0 26.12 
11.0 11.02 8.0 10.42 13.0 14.56 14.0 13.5 75.0 91.02 14.0 16.9 147.0 57.14 9.0 13.58 10.0 17.32 69.0 26.88 
11.0 11.02 10.0 10.44 10.0 14.48 15.0 13.58 129.0 92.6 12.0 16.86 92.0 58.3 15.0 13.5 17.0 17.3 15.0 26.76 
10.0 11.02 9.0 10.44 17.0 14.5 11.0 13.52 137.0 94.74 13.0 16.5 31.0 57.8 9.0 13.34 11.0 17.22 23.0 26.8 
12.0 10.82 9.0 10.4 12.0 14.52 10.0 13.48 87.0 95.46 14.0 16.34 98.0 58.16 9.0 13.04 16.0 17.3 27.0 26.96 
13.0 10.86 9.0 10.26 9.0 14.04 9.0 13.48 142.0 97.62 19.0 16.32 171.0 60.6 10.0 12.88 13.0 17.3 22.0 27.16 
12.0 10.92 13.0 10.18 9.0 13.38 17.0 13.56 109.0 99.12 18.0 16.04 121.0 60.96 10.0 12.88 12.0 17.36 34.0 27.58 
11.0 10.94 8.0 10.04 11.0 13.34 8.0 13.52 69.0 99.44 12.0 15.68 164.0 63.94 12.0 12.84 9.0 17.34 94.0 29.0 
11.0 10.98 10.0 9.98 9.0 13.16 10.0 13.42 65.0 100.2 15.0 15.48 122.0 64.06 8.0 12.78 12.0 17.24 38.0 29.36 
11.0 11.04 10.0 9.94 10.0 13.1 9.0 13.32 254.0 103.42 9.0 15.32 67.0 64.38 10.0 12.62 22.0 17.24 70.0 30.18 
12.0 11.06 9.0 9.94 12.0 13.04 10.0 12.9 192.0 105.62 11.0 14.98 64.0 64.3 10.0 12.54 14.0 17.26 19.0 30.14 
9.0 11.04 9.0 9.9 12.0 13.08 24.0 13.06 162.0 108.24 11.0 14.78 178.0 67.24 10.0 12.42 14.0 17.26 57.0 30.78 
12.0 11.06 9.0 9.88 10.0 13.02 12.0 13.02 219.0 110.52 15.0 14.88 106.0 68.88 13.0 12.28 35.0 17.04 42.0 31.16 
16.0 11.18 9.0 9.82 11.0 13.02 16.0 13.16 216.0 114.02 13.0 14.84 95.0 70.38 10.0 12.18 21.0 17.2 66.0 32.16 
14.0 11.26 10.0 9.84 8.0 12.66 12.0 13.16 205.0 117.26 9.0 14.7 143.0 72.92 11.0 12.16 14.0 16.78 33.0 32.46 
9.0 11.16 9.0 9.74 13.0 12.72 8.0 13.12 225.0 120.94 13.0 14.54 204.0 76.64 20.0 12.34 14.0 16.74 63.0 33.16 
12.0 11.24 8.0 9.64 19.0 12.92 10.0 13.14 154.0 122.78 9.0 14.38 68.0 77.6 9.0 12.02 8.0 16.42 29.0 33.4 
10.0 11.28 10.0 9.64 14.0 12.92 11.0 12.84 360.0 129.4 11.0 14.16 86.0 77.88 11.0 11.74 17.0 16.36 109.0 35.26 
16.0 11.3 9.0 9.58 10.0 12.44 9.0 12.38 217.0 132.42 14.0 13.78 206.0 81.34 9.0 11.58 14.0 16.38 49.0 35.82 
11.0 11.26 10.0 9.56 10.0 12.28 12.0 12.3 164.0 134.8 9.0 13.68 37.0 81.36 10.0 11.5 9.0 16.36 59.0 36.64 
16.0 11.4 9.0 9.54 8.0 11.94 10.0 12.3 165.0 137.82 11.0 13.36 188.0 84.88 9.0 11.42 29.0 16.68 61.0 37.08 
14.0 11.52 10.0 9.56 10.0 11.92 11.0 12.32 248.0 141.48 10.0 13.1 40.0 84.88 17.0 11.52 10.0 16.32 32.0 36.88 
12.0 11.52 9.0 9.54 10.0 11.92 12.0 12.34 500.0 149.44 10.0 13.1 160.0 87.08 9.0 11.52 10.0 15.72 137.0 39.2 
14.0 11.6 9.0 9.54 10.0 11.86 11.0 12.38 217.0 153.18 10.0 13.14 56.0 87.3 11.0 11.36 9.0 15.3 60.0 39.96 
13.0 11.58 9.0 9.52 11.0 11.66 11.0 12.4 121.0 154.18 11.0 13.06 157.0 88.64 8.0 11.28 20.0 15.42 31.0 39.56 
16.0 11.7 11.0 9.56 9.0 11.5 9.0 12.2 166.0 155.2 11.0 13.0 174.0 89.98 10.0 11.26 10.0 15.28 148.0 42.18 
11.0 11.72 11.0 9.54 10.0 11.18 17.0 12.26 438.0 161.0 10.0 12.86 157.0 92.02 11.0 11.28 12.0 14.66 78.0 43.36 
13.0 11.78 9.0 9.52 10.0 11.14 12.0 12.16 500.0 167.78 10.0 12.72 145.0 94.42 8.0 11.22 9.0 14.44 66.0 44.42 
11.0 11.74 9.0 9.5 9.0 11.1 9.0 12.14 293.0 172.84 13.0 12.42 101.0 95.08 13.0 11.2 9.0 14.36 39.0 44.52 
15.0 11.8 10.0 9.5 13.0 11.08 16.0 12.26 157.0 171.58 13.0 12.42 109.0 96.02 8.0 11.1 9.0 14.14 33.0 44.88 
13.0 11.82 10.0 9.54 19.0 11.12 9.0 12.12 183.0 171.66 10.0 12.24 140.0 97.5 11.0 11.14 9.0 14.14 76.0 46.1 
12.0 11.86 10.0 9.54 8.0 11.1 10.0 12.08 242.0 175.56 12.0 12.18 261.0 102.26 10.0 11.12 12.0 14.12 74.0 45.54 
12.0 11.9 10.0 9.56 12.0 11.08 10.0 11.9 235.0 179.14 10.0 12.14 90.0 103.18 9.0 11.0 15.0 14.14 53.0 45.28 
13.0 11.96 10.0 9.56 10.0 11.02 10.0 11.9 401.0 185.52 11.0 12.12 89.0 103.8 8.0 10.9 10.0 14.14 46.0 45.68 
12.0 11.98 11.0 9.6 10.0 10.98 13.0 11.9 324.0 191.0 11.0 12.06 172.0 105.48 10.0 10.76 22.0 14.32 55.0 46.56 
15.0 11.96 9.0 9.6 9.0 10.92 12.0 11.94 242.0 193.92 10.0 12.02 134.0 107.02 10.0 10.8 12.0 14.36 76.0 47.68 
12.0 11.96 11.0 9.62 9.0 10.88 8.0 11.84 302.0 199.58 8.0 11.9 26.0 105.64 10.0 10.74 12.0 14.28 207.0 51.54 
11.0 11.98 11.0 9.64 9.0 10.84 11.0 11.84 240.0 200.1 14.0 11.92 123.0 107.04 8.0 10.64 18.0 14.28 240.0 55.54 
12.0 12.0 10.0 9.64 11.0 10.86 11.0 11.84 408.0 207.56 12.0 11.94 152.0 108.34 8.0 10.62 9.0 14.28 65.0 56.56 
11.0 11.96 8.0 9.6 10.0 10.86 15.0 11.86 279.0 211.46 10.0 11.92 226.0 112.24 12.0 10.66 11.0 14.18 58.0 57.28 
10.0 11.98 12.0 9.66 10.0 10.86 12.0 11.8 226.0 212.08 10.0 11.86 157.0 113.26 12.0 10.7 10.0 14.08 142.0 59.34 
10.0 11.98 9.0 9.64 13.0 10.86 9.0 11.76 398.0 215.5 9.0 11.82 301.0 118.76 10.0 10.66 20.0 14.22 58.0 59.8 
10.0 11.98 8.0 9.62 10.0 10.84 14.0 11.8 500.0 223.18 11.0 11.78 238.0 123.04 13.0 10.68 11.0 13.92 70.0 60.8 
10.0 11.98 10.0 9.58 9.0 10.86 9.0 11.68 269.0 226.34 10.0 11.78 75.0 123.74 10.0 10.68 10.0 13.9 139.0 63.26 
11.0 11.94 9.0 9.58 10.0 10.9 9.0 11.54 500.0 232.5 10.0 11.74 83.0 123.6 9.0 10.48 15.0 14.0 54.0 63.86 
14.0 12.02 10.0 9.58 8.0 10.8 10.0 11.54 382.0 235.96 11.0 11.74 86.0 123.76 10.0 10.48 13.0 13.88 69.0 64.44 
12.0 12.08 10.0 9.62 9.0 10.72 13.0 11.6 500.0 243.86 11.0 11.74 135.0 125.38 10.0 10.44 10.0 13.9 35.0 64.8 
14.0 12.16 10.0 9.62 9.0 10.62 10.0 11.56 101.0 242.4 11.0 11.72 90.0 124.66 8.0 10.34 11.0 13.72 42.0 65.04 
10.0 12.18 10.0 9.62 9.0 10.64 9.0 11.52 313.0 245.42 12.0 11.76 72.0 124.28 10.0 10.34 10.0 13.58 21.0 65.0 
15.0 12.2 10.0 9.62 8.0 10.62 10.0 11.5 173.0 246.38 13.0 11.58 119.0 125.96 9.0 10.32 12.0 13.6 110.0 66.22 
15.0 12.24 8.0 9.6 10.0 10.62 15.0 11.48 424.0 252.56 10.0 11.52 143.0 127.98 10.0 10.32 11.0 13.44 78.0 67.42 
19.0 12.4 10.0 9.64 11.0 10.58 11.0 11.42 293.0 256.92 14.0 11.52 159.0 128.22 9.0 10.32 9.0 13.42 107.0 68.18 
10.0 12.38 10.0 9.64 12.0 10.62 12.0 11.36 157.0 257.48 10.0 11.48 194.0 130.26 10.0 10.22 13.0 13.34 98.0 69.84 
12.0 12.42 9.0 9.64 9.0 10.46 13.0 11.4 170.0 258.14 10.0 11.42 165.0 132.94 11.0 10.26 10.0 13.32 81.0 71.0 
12.0 12.42 9.0 9.64 9.0 10.4 11.0 11.42 270.0 261.8 11.0 11.36 206.0 135.1 9.0 10.26 11.0 13.22 49.0 71.44 
11.0 12.38 9.0 9.64 10.0 10.42 10.0 11.44 194.0 262.84 13.0 11.24 164.0 134.96 10.0 10.26 12.0 13.2 52.0 72.04 
10.0 12.34 9.0 9.56 12.0 10.48 12.0 11.34 500.0 270.66 9.0 11.06 133.0 135.2 9.0 10.24 15.0 13.26 49.0 72.34 
13.0 12.38 10.0 9.6 9.0 10.44 13.0 11.44 308.0 275.44 14.0 11.1 127.0 134.46 9.0 10.18 12.0 13.32 137.0 73.2 
14.0 12.44 10.0 9.6 10.0 10.46 10.0 11.44 484.0 283.82 9.0 10.98 161.0 135.24 9.0 10.2 13.0 13.34 117.0 74.78 
11.0 12.44 8.0 9.56 10.0 10.46 9.0 11.44 304.0 284.82 14.0 11.08 209.0 138.08 9.0 10.18 10.0 13.1 127.0 75.92 
9.0 12.38 14.0 9.66 10.0 10.42 12.0 11.48 236.0 285.7 14.0 11.14 178.0 140.36 12.0 10.22 10.0 13.02 136.0 78.26 
12.0 12.44 9.0 9.66 9.0 10.36 10.0 11.2 126.0 284.98 16.0 11.24 54.0 137.88 9.0 10.2 9.0 12.92 34.0 77.8 
10.0 12.4 10.0 9.68 12.0 10.4 10.0 11.16 476.0 290.12 14.0 11.22 118.0 138.12 10.0 10.14 10.0 12.42 54.0 78.04 
11.0 12.3 10.0 9.7 8.0 10.34 10.0 11.04 500.0 295.8 10.0 11.16 141.0 139.04 9.0 10.12 10.0 12.2 286.0 82.44 
12.0 12.26 10.0 9.7 9.0 10.36 13.0 11.06 500.0 301.7 14.0 11.26 183.0 139.84 11.0 10.12 11.0 12.14 112.0 84.02 
13.0 12.34 10.0 9.72 8.0 10.26 10.0 11.1 280.0 302.8 14.0 11.28 113.0 138.02 14.0 10.0 13.0 12.12 197.0 86.7 
14.0 12.38 10.0 9.76 11.0 10.1 10.0 11.1 450.0 308.72 14.0 11.38 280.0 142.26 12.0 10.06 10.0 12.16 207.0 90.26 
11.0 12.4 10.0 9.76 9.0 10.0 11.0 11.1 363.0 308.78 17.0 11.5 130.0 143.14 11.0 10.06 17.0 12.16 221.0 92.5 
11.0 12.3 9.0 9.76 9.0 9.98 9.0 11.1 424.0 312.92 10.0 11.42 124.0 141.5 11.0 10.1 19.0 12.26 107.0 93.66 
10.0 12.28 9.0 9.74 9.0 9.96 10.0 11.06 469.0 319.02 19.0 11.62 169.0 144.14 9.0 10.08 10.0 12.28 118.0 94.84 
11.0 12.18 8.0 9.72 10.0 10.0 9.0 11.04 500.0 325.72 14.0 11.68 206.0 144.5 12.0 10.14 14.0 11.98 23.0 94.08 
10.0 12.1 10.0 9.72 9.0 9.98 11.0 11.04 292.0 326.6 18.0 11.84 354.0 150.78 9.0 9.98 10.0 11.98 95.0 95.34 
12.0 12.1 8.0 9.7 10.0 9.98 10.0 11.0 295.0 322.5 15.0 11.94 361.0 154.8 15.0 10.1 14.0 12.06 88.0 94.36 
13.0 12.08 8.0 9.68 9.0 9.96 10.0 10.98 216.0 322.48 15.0 12.04 50.0 154.68 13.0 10.14 11.0 12.1 103.0 95.22 
11.0 12.04 10.0 9.7 10.0 9.94 10.0 10.96 147.0 323.0 16.0 12.14 185.0 155.24 11.0 10.2 11.0 11.92 138.0 97.36 
12.0 11.96 9.0 9.66 9.0 9.94 10.0 10.98 205.0 323.78 21.0 12.34 76.0 153.28 9.0 10.18 13.0 11.98 126.0 96.92 
11.0 11.96 10.0 9.64 10.0 9.94 9.0 10.82 214.0 319.3 17.0 12.48 287.0 155.88 9.0 10.14 13.0 12.0 125.0 97.86 
10.0 11.9 11.0 9.68 12.0 9.98 11.0 10.8 212.0 313.54 15.0 12.58 73.0 154.44 9.0 10.16 10.0 12.02 201.0 100.56 
12.0 11.92 8.0 9.66 9.0 9.98 9.0 10.8 139.0 310.46 33.0 12.98 130.0 155.02 11.0 10.12 11.0 12.06 252.0 104.82 
9.0 11.8 11.0 9.68 9.0 9.9 10.0 10.68 208.0 311.48 31.0 13.34 204.0 156.92 9.0 10.14 14.0 12.16 161.0 107.38 
12.0 11.78 9.0 9.66 8.0 9.68 9.0 10.68 167.0 311.16 37.0 13.88 63.0 155.38 9.0 10.1 8.0 12.14 139.0 108.64 
9.0 11.72 9.0 9.64 8.0 9.68 10.0 10.68 179.0 309.9 20.0 14.04 128.0 152.72 10.0 10.1 9.0 12.08 120.0 109.56 
10.0 11.68 10.0 9.64 10.0 9.64 10.0 10.68 353.0 312.26 17.0 14.18 68.0 152.28 12.0 10.16 9.0 11.96 141.0 111.32 
11.0 11.64 10.0 9.64 10.0 9.64 9.0 10.66 176.0 307.76 14.0 14.24 124.0 152.98 10.0 10.2 9.0 11.94 71.0 111.82 
10.0 11.6 10.0 9.62 10.0 9.64 10.0 10.6 155.0 304.38 29.0 14.6 30.0 150.14 10.0 10.2 9.0 11.68 133.0 113.38 
11.0 11.52 9.0 9.62 9.0 9.64 12.0 10.6 384.0 307.22 16.0 14.72 36.0 148.18 9.0 10.18 9.0 11.62 113.0 114.12 
11.0 11.5 10.0 9.6 9.0 9.64 10.0 10.64 215.0 305.48 16.0 14.88 33.0 148.32 10.0 10.18 14.0 11.66 95.0 111.88 
10.0 11.48 9.0 9.56 9.0 9.64 9.0 10.6 187.0 304.42 20.0 15.0 151.0 148.88 10.0 10.22 10.0 11.5 135.0 109.78 
9.0 11.42 10.0 9.56 10.0 9.62 10.0 10.58 157.0 299.4 23.0 15.22 129.0 148.42 8.0 10.22 11.0 11.54 74.0 109.96 
10.0 11.4 8.0 9.56 11.0 9.64 9.0 10.46 266.0 299.14 19.0 15.4 24.0 144.38 12.0 10.22 10.0 11.52 124.0 111.28 
9.0 11.38 9.0 9.5 10.0 9.64 10.0 10.42 141.0 297.44 34.0 15.88 138.0 144.0 9.0 10.16 10.0 11.52 190.0 112.24 
10.0 11.38 10.0 9.52 9.0 9.56 8.0 10.4 161.0 292.7 18.0 16.06 36.0 138.7 10.0 10.16 10.0 11.32 302.0 117.12 
9.0 11.36 9.0 9.54 9.0 9.54 10.0 10.32 164.0 285.98 29.0 16.42 197.0 137.88 9.0 10.08 12.0 11.34 233.0 120.38 
13.0 11.42 8.0 9.5 9.0 9.54 9.0 10.32 208.0 284.76 19.0 16.6 123.0 138.84 10.0 10.08 13.0 11.4 162.0 120.84 
10.0 11.4 9.0 9.5 9.0 9.52 9.0 10.32 193.0 278.62 16.0 16.72 178.0 140.74 10.0 10.1 10.0 11.3 172.0 123.2 
8.0 11.28 8.0 9.46 9.0 9.54 10.0 10.32 127.0 273.52 18.0 16.86 164.0 142.3 8.0 10.06 10.0 11.24 227.0 126.36 
11.0 11.26 10.0 9.46 10.0 9.56 10.0 10.26 151.0 266.54 44.0 17.52 134.0 142.28 8.0 10.02 13.0 11.3 500.0 135.66 
9.0 11.16 10.0 9.46 9.0 9.56 9.0 10.24 118.0 266.88 30.0 17.9 182.0 144.12 8.0 10.02 12.0 11.32 284.0 140.5 
11.0 11.18 8.0 9.42 9.0 9.56 11.0 10.28 206.0 264.74 59.0 18.84 187.0 146.42 10.0 10.02 10.0 11.32 227.0 144.62 
10.0 11.08 10.0 9.42 8.0 9.56 10.0 10.28 128.0 263.84 41.0 19.4 221.0 148.46 13.0 10.1 13.0 11.34 257.0 147.56 
10.0 10.98 10.0 9.46 9.0 9.54 9.0 10.16 137.0 258.1 23.0 19.66 314.0 151.88 10.0 10.1 11.0 11.34 89.0 147.78 
11.0 10.82 11.0 9.48 10.0 9.52 8.0 10.1 178.0 255.8 25.0 19.88 188.0 152.46 9.0 10.1 10.0 11.36 246.0 150.56 
10.0 10.82 10.0 9.48 9.0 9.46 9.0 10.04 206.0 256.78 42.0 20.52 379.0 156.16 10.0 10.1 8.0 11.26 160.0 151.8 
11.0 10.8 10.0 9.5 10.0 9.48 10.0 9.98 208.0 257.54 54.0 21.4 223.0 157.32 9.0 10.06 11.0 11.28 144.0 153.06 
12.0 10.8 9.0 9.5 10.0 9.5 10.0 9.96 105.0 254.24 19.0 21.56 118.0 155.56 11.0 10.1 10.0 11.26 137.0 154.82 
9.0 10.76 8.0 9.48 10.0 9.5 10.0 9.96 88.0 252.12 40.0 22.1 158.0 155.44 10.0 10.1 9.0 11.2 149.0 156.76 
9.0 10.74 10.0 9.5 10.0 9.46 9.0 9.9 100.0 244.12 64.0 23.2 155.0 155.88 9.0 10.1 11.0 11.12 122.0 158.22 
12.0 10.72 9.0 9.48 9.0 9.46 13.0 9.9 102.0 240.0 16.0 23.24 126.0 155.86 9.0 10.1 11.0 11.1 165.0 158.78 
11.0 10.66 10.0 9.48 10.0 9.46 9.0 9.88 128.0 232.88 30.0 23.66 200.0 156.64 9.0 10.1 10.0 11.04 157.0 159.58 
11.0 10.66 10.0 9.52 9.0 9.44 11.0 9.92 167.0 230.14 18.0 23.74 229.0 157.04 10.0 10.12 17.0 11.18 136.0 159.76 
9.0 10.66 9.0 9.42 9.0 9.42 12.0 9.92 176.0 228.94 71.0 24.88 191.0 157.3 9.0 10.06 12.0 11.22 158.0 160.2 
10.0 10.62 10.0 9.44 9.0 9.42 10.0 9.92 126.0 228.94 58.0 25.72 128.0 158.78 10.0 10.08 10.0 11.24 172.0 162.96 
10.0 10.62 9.0 9.42 10.0 9.38 10.0 9.92 304.0 225.5 24.0 25.92 153.0 159.48 10.0 10.08 11.0 11.26 124.0 164.36 
12.0 10.64 10.0 9.42 10.0 9.42 9.0 9.9 231.0 220.12 43.0 26.58 500.0 166.66 10.0 10.1 12.0 11.3 140.0 161.44 
10.0 10.6 9.0 9.4 10.0 9.44 12.0 9.88 153.0 213.18 39.0 27.08 173.0 166.46 10.0 10.08 8.0 11.24 126.0 161.72 
11.0 10.56 9.0 9.38 10.0 9.48 8.0 9.84 215.0 211.88 82.0 28.44 178.0 167.76 9.0 9.98 9.0 11.16 149.0 160.76 
12.0 10.52 9.0 9.36 8.0 9.42 11.0 9.86 395.0 210.78 53.0 29.22 200.0 166.16 10.0 9.94 13.0 11.22 207.0 160.76 
10.0 10.5 11.0 9.38 9.0 9.42 8.0 9.8 269.0 208.9 93.0 30.74 165.0 166.86 10.0 9.92 10.0 11.08 187.0 160.08 
12.0 10.52 8.0 9.36 11.0 9.46 8.0 9.78 450.0 209.42 87.0 32.28 190.0 168.18 8.0 9.86 8.0 10.86 200.0 161.94 
10.0 10.52 9.0 9.36 11.0 9.5 10.0 9.78 307.0 206.18 31.0 32.52 344.0 171.68 10.0 9.88 10.0 10.86 154.0 162.66 
9.0 10.48 10.0 9.4 9.0 9.48 9.0 9.78 216.0 200.5 302.0 38.28 186.0 171.28 14.0 9.92 11.0 10.8 202.0 166.24 
12.0 10.52 9.0 9.38 8.0 9.46 11.0 9.78 296.0 200.58 38.0 38.68 330.0 170.8 9.0 9.92 10.0 10.8 208.0 168.5 
10.0 10.48 9.0 9.4 10.0 9.46 9.0 9.76 241.0 199.5 93.0 40.24 198.0 167.54 9.0 9.8 10.0 10.72 338.0 173.5 
11.0 10.44 9.0 9.42 10.0 9.48 9.0 9.74 296.0 201.1 89.0 41.72 165.0 169.84 9.0 9.72 13.0 10.76 311.0 177.66 
11.0 10.44 8.0 9.38 9.0 9.46 9.0 9.72 317.0 204.5 121.0 43.82 238.0 170.9 10.0 9.7 10.0 10.74 300.0 180.9 
10.0 10.4 8.0 9.36 9.0 9.46 10.0 9.72 152.0 203.44 69.0 44.78 204.0 173.46 8.0 9.68 9.0 10.66 258.0 183.54 
13.0 10.44 10.0 9.36 8.0 9.42 12.0 9.78 500.0 209.16 198.0 48.4 343.0 174.58 8.0 9.66 9.0 10.58 403.0 189.1 
16.0 10.56 9.0 9.32 10.0 9.38 10.0 9.76 500.0 214.92 42.0 48.94 195.0 177.02 9.0 9.66 9.0 10.56 271.0 190.5 
11.0 10.54 8.0 9.32 9.0 9.38 10.0 9.78 193.0 216.0 227.0 52.82 189.0 178.2 10.0 9.64 10.0 10.54 186.0 189.18 
9.0 10.54 9.0 9.28 9.0 9.38 12.0 9.82 419.0 220.22 103.0 54.26 269.0 179.5 10.0 9.66 9.0 10.44 153.0 189.02 
10.0 10.5 9.0 9.28 10.0 9.42 9.0 9.82 177.0 220.42 212.0 57.76 222.0 182.68 9.0 9.66 9.0 10.46 324.0 192.72 
11.0 10.54 9.0 9.28 9.0 9.44 10.0 9.82 145.0 219.74 211.0 61.58 180.0 183.72 8.0 9.62 10.0 10.48 381.0 197.94 
14.0 10.62 9.0 9.26 9.0 9.42 9.0 9.8 209.0 216.86 94.0 63.12 445.0 191.26 12.0 9.62 11.0 10.52 364.0 202.4 
9.0 10.58 8.0 9.22 8.0 9.38 10.0 9.82 198.0 217.3 42.0 63.68 253.0 193.84 10.0 9.62 9.0 10.52 107.0 203.12 
10.0 10.58 10.0 9.22 10.0 9.38 9.0 9.8 470.0 223.6 37.0 63.84 205.0 197.34 9.0 9.6 10.0 10.54 274.0 205.94 
12.0 10.6 8.0 9.2 11.0 9.42 10.0 9.76 363.0 223.18 17.0 63.86 210.0 200.82 9.0 9.6 12.0 10.6 179.0 207.26 
11.0 10.6 9.0 9.18 10.0 9.44 10.0 9.76 500.0 228.88 39.0 64.32 263.0 205.42 11.0 9.62 9.0 10.5 115.0 207.66 
11.0 10.62 9.0 9.18 9.0 9.44 10.0 9.78 500.0 235.14 99.0 65.9 242.0 207.24 9.0 9.6 9.0 10.48 259.0 210.14 
14.0 10.72 9.0 9.16 9.0 9.42 10.0 9.78 302.0 238.04 97.0 67.38 269.0 210.04 8.0 9.6 10.0 10.46 71.0 210.08 
12.0 10.76 9.0 9.18 10.0 9.4 8.0 9.76 500.0 242.72 69.0 68.38 329.0 216.14 10.0 9.56 8.0 10.42 218.0 211.96 
13.0 10.84 9.0 9.18 10.0 9.4 10.0 9.76 500.0 249.9 118.0 70.06 213.0 217.64 9.0 9.56 9.0 10.4 179.0 211.74 
10.0 10.84 9.0 9.16 11.0 9.44 9.0 9.78 500.0 256.68 32.0 70.34 225.0 221.42 10.0 9.56 10.0 10.4 193.0 209.56 
10.0 10.86 10.0 9.18 9.0 9.44 9.0 9.76 500.0 263.4 89.0 71.54 236.0 222.2 9.0 9.56 10.0 10.36 182.0 208.54 
10.0 10.8 8.0 9.18 10.0 9.46 10.0 9.78 269.0 264.62 72.0 72.6 400.0 227.74 9.0 9.54 9.0 10.28 181.0 208.92 
11.0 10.82 9.0 9.18 10.0 9.48 10.0 9.8 286.0 266.48 41.0 73.1 327.0 230.72 9.0 9.52 10.0 10.28 120.0 207.88 
10.0 10.86 9.0 9.2 10.0 9.5 13.0 9.86 500.0 273.94 66.0 74.06 194.0 231.32 10.0 9.56 8.0 10.24 115.0 205.64 
9.0 10.82 9.0 9.18 9.0 9.48 11.0 9.88 500.0 280.92 50.0 74.18 159.0 231.82 14.0 9.68 9.0 10.16 181.0 199.26 
10.0 10.84 8.0 9.14 9.0 9.48 9.0 9.88 455.0 287.66 18.0 73.94 90.0 229.98 10.0 9.72 9.0 10.1 148.0 196.54 
10.0 10.82 10.0 9.18 10.0 9.5 12.0 9.9 305.0 289.64 30.0 73.36 121.0 228.66 10.0 9.72 8.0 10.06 162.0 195.24 
11.0 10.84 8.0 9.14 9.0 9.52 9.0 9.88 500.0 297.08 63.0 73.8 289.0 230.02 9.0 9.64 11.0 10.02 143.0 192.96 
10.0 10.84 8.0 9.1 8.0 9.5 9.0 9.88 283.0 300.0 59.0 74.52 97.0 225.68 9.0 9.62 9.0 9.98 139.0 193.96 
10.0 10.82 10.0 9.08 10.0 9.5 10.0 9.92 167.0 299.78 86.0 75.74 253.0 226.98 10.0 9.64 9.0 9.96 153.0 192.1 
9.0 10.8 8.0 9.04 8.0 9.48 10.0 9.94 189.0 299.44 15.0 75.2 500.0 229.4 10.0 9.64 12.0 10.04 190.0 192.7 
13.0 10.84 9.0 9.02 9.0 9.46 10.0 9.94 184.0 298.96 62.0 75.36 263.0 230.2 10.0 9.66 8.0 9.98 155.0 192.92 
11.0 10.82 9.0 9.02 9.0 9.44 9.0 9.92 185.0 300.56 27.0 75.52 134.0 230.52 9.0 9.62 15.0 10.08 133.0 192.84 
12.0 10.88 9.0 9.04 9.0 9.42 11.0 9.94 202.0 302.84 45.0 75.62 96.0 229.28 8.0 9.58 12.0 10.14 164.0 193.14 
13.0 10.96 10.0 9.04 9.0 9.4 9.0 9.94 398.0 308.8 45.0 75.24 193.0 230.04 11.0 9.62 11.0 10.14 124.0 193.18 
12.0 10.96 9.0 9.04 9.0 9.4 11.0 9.9 399.0 314.74 92.0 76.76 247.0 232.46 8.0 9.6 9.0 10.1 191.0 193.7 
10.0 10.94 9.0 9.02 9.0 9.38 8.0 9.88 390.0 319.98 63.0 77.42 184.0 232.14 9.0 9.6 9.0 10.08 102.0 192.6 
11.0 10.94 8.0 8.98 9.0 9.38 12.0 9.9 350.0 323.64 35.0 77.76 192.0 231.4 10.0 9.6 8.0 9.9 154.0 192.96 
10.0 10.96 9.0 8.98 10.0 9.4 9.0 9.84 225.0 324.62 53.0 77.4 199.0 231.56 9.0 9.6 9.0 9.84 164.0 193.08 
11.0 10.98 11.0 9.0 10.0 9.42 9.0 9.82 500.0 332.1 186.0 79.96 222.0 233.44 9.0 9.58 9.0 9.82 247.0 194.58 
12.0 11.02 10.0 9.02 10.0 9.42 10.0 9.82 500.0 336.02 59.0 80.66 141.0 233.2 10.0 9.58 8.0 9.76 245.0 197.0 
9.0 10.96 10.0 9.02 10.0 9.42 13.0 9.9 500.0 341.4 49.0 80.78 197.0 227.14 10.0 9.58 9.0 9.7 118.0 196.56 
11.0 10.98 10.0 9.04 9.0 9.4 10.0 9.86 304.0 344.42 146.0 82.92 280.0 229.28 8.0 9.54 8.0 9.7 239.0 198.82 
10.0 10.96 11.0 9.08 10.0 9.4 10.0 9.9 500.0 350.12 103.0 83.34 184.0 229.4 9.0 9.54 9.0 9.7 162.0 199.08 
12.0 10.96 12.0 9.14 10.0 9.44 9.0 9.86 500.0 352.22 109.0 84.46 225.0 229.9 11.0 9.56 9.0 9.62 164.0 198.22 
14.0 11.04 10.0 9.12 9.0 9.44 11.0 9.92 500.0 356.84 112.0 84.84 209.0 230.78 9.0 9.54 10.0 9.62 236.0 199.2 
10.0 11.0 9.0 9.14 10.0 9.42 9.0 9.94 500.0 357.84 71.0 84.52 76.0 228.5 8.0 9.54 9.0 9.64 146.0 198.12 
12.0 11.04 9.0 9.14 10.0 9.4 10.0 9.94 500.0 361.7 106.0 86.02 220.0 226.02 11.0 9.56 10.0 9.64 242.0 199.88 
11.0 11.08 10.0 9.14 11.0 9.44 9.0 9.94 500.0 367.38 129.0 82.56 154.0 225.38 9.0 9.46 9.0 9.6 158.0 199.0 
13.0 11.1 9.0 9.14 8.0 9.44 8.0 9.88 473.0 370.92 182.0 85.44 195.0 222.68 12.0 9.52 9.0 9.58 210.0 199.04 
11.0 11.12 10.0 9.16 10.0 9.44 9.0 9.88 500.0 376.1 58.0 84.74 194.0 222.6 8.0 9.5 10.0 9.58 248.0 197.24 
13.0 11.16 8.0 9.14 8.0 9.4 8.0 9.86 500.0 380.18 241.0 87.78 156.0 222.42 9.0 9.5 12.0 9.56 202.0 195.06 
11.0 11.16 10.0 9.18 10.0 9.42 11.0 9.9 500.0 383.84 13.0 85.62 172.0 221.1 9.0 9.48 9.0 9.54 222.0 193.5 
14.0 11.24 9.0 9.2 8.0 9.4 12.0 9.94 500.0 390.8 188.0 88.0 161.0 220.24 9.0 9.5 10.0 9.56 113.0 190.6 
10.0 11.18 8.0 9.16 12.0 9.48 9.0 9.88 500.0 390.8 261.0 89.26 179.0 216.96 8.0 9.5 8.0 9.54 205.0 186.64 
13.0 11.12 8.0 9.14 8.0 9.44 10.0 9.88 500.0 390.8 139.0 91.2 147.0 216.0 10.0 9.52 9.0 9.54 126.0 183.74 
11.0 11.12 10.0 9.18 9.0 9.44 9.0 9.86 500.0 396.94 48.0 87.62 156.0 215.34 9.0 9.5 10.0 9.54 158.0 183.18 
11.0 11.16 8.0 9.16 8.0 9.42 8.0 9.78 500.0 398.56 308.0 91.72 151.0 212.98 9.0 9.48 11.0 9.58 186.0 183.84 
11.0 11.18 9.0 9.16 8.0 9.38 12.0 9.84 500.0 405.02 192.0 91.32 28.0 209.1 11.0 9.52 13.0 9.66 130.0 179.96 
10.0 11.16 9.0 9.16 9.0 9.38 10.0 9.84 500.0 412.12 98.0 89.06 157.0 208.64 9.0 9.54 12.0 9.7 154.0 175.42 
14.0 11.16 10.0 9.18 11.0 9.42 13.0 9.92 419.0 416.32 305.0 93.28 115.0 202.04 11.0 9.52 12.0 9.72 112.0 170.38 
12.0 11.22 9.0 9.2 9.0 9.44 10.0 9.92 500.0 422.36 165.0 95.74 172.0 200.42 9.0 9.5 11.0 9.76 154.0 171.32 
10.0 11.22 10.0 9.2 9.0 9.42 9.0 9.92 500.0 422.96 109.0 97.18 191.0 200.14 10.0 9.52 9.0 9.74 116.0 168.16 
9.0 11.16 11.0 9.26 10.0 9.4 9.0 9.9 500.0 425.7 47.0 97.78 164.0 199.22 10.0 9.54 14.0 9.78 180.0 168.18 
11.0 11.16 10.0 9.28 10.0 9.4 8.0 9.86 500.0 425.7 439.0 105.78 104.0 196.04 10.0 9.52 11.0 9.82 220.0 170.28 
10.0 11.14 9.0 9.28 10.0 9.42 10.0 9.86 500.0 425.7 208.0 107.96 236.0 195.92 9.0 9.52 10.0 9.84 195.0 169.0 
11.0 11.08 10.0 9.3 10.0 9.44 9.0 9.84 500.0 429.66 418.0 114.38 183.0 194.2 10.0 9.56 11.0 9.86 243.0 172.44 
10.0 11.04 9.0 9.3 10.0 9.44 9.0 9.86 321.0 426.08 138.0 115.76 137.0 190.36 10.0 9.56 12.0 9.94 238.0 172.84 
11.0 11.0 9.0 9.3 12.0 9.48 9.0 9.84 500.0 426.08 161.0 116.62 130.0 188.7 10.0 9.58 10.0 9.96 257.0 174.4 
15.0 11.1 9.0 9.3 9.0 9.44 9.0 9.84 500.0 426.08 308.0 122.14 246.0 189.12 9.0 9.56 10.0 9.96 200.0 174.54 
12.0 11.14 9.0 9.28 10.0 9.46 10.0 9.86 500.0 426.08 261.0 125.58 94.0 186.28 11.0 9.6 10.0 9.96 263.0 176.16 
11.0 11.16 9.0 9.3 10.0 9.46 10.0 9.86 500.0 430.7 500.0 134.14 109.0 180.46 9.0 9.6 9.0 9.96 242.0 177.38 
9.0 11.12 8.0 9.28 10.0 9.46 10.0 9.86 500.0 434.98 181.0 136.94 199.0 177.9 10.0 9.62 10.0 9.96 267.0 180.32 
11.0 11.14 12.0 9.34 10.0 9.46 12.0 9.84 352.0 432.02 286.0 141.34 215.0 178.32 9.0 9.6 10.0 10.0 260.0 183.22 
10.0 11.16 8.0 9.32 9.0 9.46 9.0 9.8 215.0 426.32 500.0 150.34 244.0 180.02 9.0 9.5 9.0 10.0 120.0 182.0 
8.0 11.12 10.0 9.36 8.0 9.44 10.0 9.82 279.0 422.8 246.0 154.9 130.0 180.82 10.0 9.5 8.0 9.98 327.0 185.58 
10.0 11.12 10.0 9.36 10.0 9.44 10.0 9.78 258.0 421.86 223.0 158.76 204.0 182.48 9.0 9.48 10.0 10.02 304.0 188.42 
11.0 11.12 11.0 9.42 9.0 9.44 9.0 9.78 222.0 416.3 342.0 164.34 185.0 180.4 9.0 9.48 14.0 10.08 438.0 194.32 
10.0 11.12 10.0 9.46 9.0 9.46 10.0 9.8 207.0 414.78 382.0 170.8 210.0 182.66 10.0 9.5 8.0 10.06 308.0 197.7 
11.0 11.14 10.0 9.46 9.0 9.44 9.0 9.78 138.0 414.2 500.0 179.08 135.0 180.3 10.0 9.5 10.0 10.08 302.0 200.68 
13.0 11.22 9.0 9.48 10.0 9.48 8.0 9.74 174.0 413.9 341.0 185.6 214.0 174.58 10.0 9.5 9.0 10.02 265.0 202.18 
12.0 11.2 9.0 9.48 9.0 9.48 11.0 9.76 115.0 412.52 289.0 190.14 163.0 172.58 10.0 9.5 13.0 10.12 371.0 206.5 
13.0 11.24 10.0 9.5 10.0 9.5 11.0 9.8 154.0 411.9 398.0 197.56 173.0 173.36 10.0 9.52 9.0 10.0 147.0 206.78 
13.0 11.26 10.0 9.52 9.0 9.5 8.0 9.74 180.0 411.46 93.0 198.52 169.0 174.82 10.0 9.56 8.0 9.92 241.0 208.32 
12.0 11.24 10.0 9.52 9.0 9.5 13.0 9.82 125.0 406.0 325.0 204.12 145.0 173.86 9.0 9.52 8.0 9.86 309.0 212.02 
11.0 11.22 9.0 9.52 10.0 9.52 9.0 9.78 158.0 401.18 500.0 212.28 183.0 172.58 12.0 9.6 11.0 9.9 107.0 210.34 
12.0 11.26 10.0 9.54 12.0 9.58 9.0 9.8 148.0 396.34 398.0 218.98 118.0 171.26 10.0 9.62 9.0 9.9 304.0 214.38 
17.0 11.38 10.0 9.58 9.0 9.58 9.0 9.74 112.0 391.58 236.0 223.0 168.0 170.78 10.0 9.62 10.0 9.94 92.0 213.14 
10.0 11.38 8.0 9.56 8.0 9.54 10.0 9.76 135.0 389.78 287.0 227.68 159.0 169.98 9.0 9.62 9.0 9.94 376.0 217.38 
12.0 11.4 9.0 9.52 9.0 9.52 10.0 9.78 134.0 382.46 500.0 233.96 184.0 169.22 11.0 9.66 9.0 9.94 292.0 218.28 
9.0 11.34 11.0 9.54 9.0 9.5 9.0 9.76 105.0 374.56 500.0 242.78 157.0 169.54 8.0 9.62 8.0 9.94 158.0 216.54 
10.0 11.36 10.0 9.54 10.0 9.5 10.0 9.7 111.0 366.78 500.0 251.8 129.0 168.18 11.0 9.64 12.0 10.0 154.0 217.26 
10.0 11.34 9.0 9.52 9.0 9.5 12.0 9.74 103.0 362.76 500.0 258.88 142.0 165.42 10.0 9.68 10.0 10.04 377.0 220.02 
9.0 11.32 10.0 9.5 10.0 9.5 10.0 9.74 107.0 354.9 500.0 266.82 114.0 164.02 9.0 9.68 10.0 10.06 348.0 223.74 
10.0 11.28 9.0 9.44 11.0 9.52 9.0 9.74 28.0 345.46 236.0 269.36 168.0 162.88 10.0 9.66 10.0 10.08 150.0 223.46 
11.0 11.22 9.0 9.42 10.0 9.54 9.0 9.7 105.0 337.56 306.0 273.24 163.0 161.96 10.0 9.68 8.0 10.04 333.0 225.4 
10.0 11.22 9.0 9.42 9.0 9.52 9.0 9.7 21.0 327.98 500.0 281.82 159.0 163.62 11.0 9.74 8.0 10.02 118.0 224.84 
12.0 11.22 9.0 9.42 10.0 9.52 10.0 9.7 97.0 319.92 291.0 285.52 68.0 160.58 10.0 9.72 9.0 10.0 440.0 228.8 
9.0 11.18 8.0 9.38 10.0 9.5 11.0 9.74 74.0 311.4 327.0 289.48 156.0 160.62 10.0 9.74 11.0 10.04 229.0 230.22 
11.0 11.14 9.0 9.38 10.0 9.54 10.0 9.78 23.0 302.4 500.0 295.84 156.0 159.84 12.0 9.74 8.0 10.02 144.0 228.9 
14.0 11.2 11.0 9.4 9.0 9.52 12.0 9.84 26.0 292.92 357.0 301.82 137.0 158.7 10.0 9.78 9.0 10.0 400.0 231.94 
12.0 11.18 9.0 9.42 9.0 9.54 10.0 9.88 33.0 283.58 341.0 303.82 134.0 158.26 15.0 9.9 10.0 9.96 241.0 232.72 
11.0 11.18 10.0 9.42 9.0 9.52 10.0 9.86 88.0 275.34 500.0 313.56 129.0 157.4 9.0 9.9 9.0 9.96 331.0 234.9 
12.0 11.14 8.0 9.4 9.0 9.54 14.0 9.9 99.0 267.32 281.0 315.42 135.0 156.88 9.0 9.9 13.0 10.02 225.0 237.14 
13.0 11.2 10.0 9.44 9.0 9.48 10.0 9.92 92.0 259.16 445.0 319.1 138.0 156.06 10.0 9.94 11.0 10.08 396.0 240.96 
8.0 11.1 9.0 9.46 13.0 9.58 9.0 9.9 26.0 249.68 500.0 326.32 164.0 156.4 9.0 9.92 9.0 10.08 354.0 245.52 
11.0 11.1 9.0 9.44 8.0 9.56 10.0 9.92 115.0 241.98 344.0 332.24 117.0 155.62 9.0 9.92 10.0 10.08 376.0 249.88 
10.0 11.08 9.0 9.46 8.0 9.56 12.0 10.0 120.0 234.38 388.0 333.84 152.0 155.64 9.0 9.92 11.0 10.08 500.0 256.16 
9.0 11.04 10.0 9.48 8.0 9.56 15.0 10.06 17.0 224.72 231.0 334.62 134.0 157.76 10.0 9.9 8.0 9.98 348.0 260.52 
12.0 11.08 10.0 9.5 10.0 9.58 10.0 10.06 134.0 217.4 239.0 337.44 146.0 157.54 10.0 9.92 10.0 9.94 207.0 261.58 
9.0 10.98 9.0 9.48 11.0 9.58 10.0 10.0 167.0 212.36 200.0 335.34 125.0 157.74 10.0 9.9 8.0 9.86 289.0 265.12 
11.0 10.96 9.0 9.48 10.0 9.6 10.0 10.0 182.0 206.0 435.0 340.74 158.0 157.46 10.0 9.92 10.0 9.84 484.0 271.72 
9.0 10.94 10.0 9.48 10.0 9.62 12.0 10.06 163.0 199.26 210.0 342.76 159.0 156.82 9.0 9.9 9.0 9.84 254.0 274.48 
13.0 11.02 10.0 9.46 10.0 9.62 9.0 10.06 215.0 193.56 285.0 347.52 136.0 156.26 9.0 9.88 10.0 9.76 306.0 277.0 
9.0 10.98 10.0 9.46 10.0 9.62 8.0 10.06 240.0 188.36 187.0 342.48 186.0 157.9 9.0 9.86 12.0 9.78 329.0 279.18 
13.0 11.04 9.0 9.46 9.0 9.6 9.0 10.04 271.0 183.78 203.0 342.38 152.0 156.22 10.0 9.88 9.0 9.76 228.0 279.84 
8.0 10.98 9.0 9.44 11.0 9.62 9.0 10.04 210.0 177.98 197.0 337.96 196.0 156.48 10.0 9.88 11.0 9.76 275.0 280.48 
10.0 10.98 11.0 9.48 9.0 9.6 10.0 10.06 287.0 177.3 207.0 339.34 173.0 157.2 9.0 9.86 10.0 9.72 330.0 282.32 
9.0 10.94 9.0 9.48 9.0 9.54 10.0 10.08 296.0 173.22 167.0 339.46 206.0 158.72 10.0 9.86 10.0 9.72 411.0 285.4 
11.0 10.86 9.0 9.48 10.0 9.56 9.0 10.08 337.0 169.96 154.0 336.38 186.0 157.52 10.0 9.88 10.0 9.72 343.0 288.26 
11.0 10.84 8.0 9.46 9.0 9.54 9.0 10.06 473.0 169.42 134.0 333.84 202.0 159.68 8.0 9.82 12.0 9.76 345.0 289.9 
11.0 10.84 9.0 9.46 10.0 9.54 10.0 10.06 325.0 165.92 131.0 326.46 220.0 161.9 13.0 9.9 9.0 9.76 380.0 292.66 
12.0 10.9 10.0 9.5 10.0 9.54 9.0 10.04 341.0 162.74 117.0 325.18 223.0 162.38 9.0 9.88 9.0 9.74 221.0 291.74 
11.0 10.9 10.0 9.46 10.0 9.54 10.0 10.0 500.0 165.7 136.0 322.18 207.0 162.22 9.0 9.88 10.0 9.74 245.0 291.44 
12.0 10.94 11.0 9.52 8.0 9.52 9.0 10.0 264.0 166.68 158.0 315.34 238.0 162.1 12.0 9.94 10.0 9.76 298.0 295.0 
12.0 11.02 9.0 9.5 9.0 9.54 10.0 10.0 500.0 171.1 125.0 312.92 199.0 163.48 9.0 9.92 10.0 9.8 364.0 295.74 
10.0 11.02 9.0 9.48 9.0 9.52 10.0 10.0 316.0 172.26 118.0 310.82 218.0 163.76 13.0 10.0 11.0 9.82 278.0 295.22 
8.0 10.96 9.0 9.44 9.0 9.52 9.0 10.0 428.0 176.38 71.0 305.4 174.0 163.54 10.0 10.02 10.0 9.74 302.0 292.5 
11.0 10.98 9.0 9.42 8.0 9.5 9.0 9.98 500.0 182.24 47.0 298.7 251.0 164.36 10.0 10.02 10.0 9.78 365.0 293.64 
13.0 11.02 9.0 9.4 10.0 9.52 9.0 9.98 237.0 184.22 29.0 289.28 251.0 166.68 11.0 10.04 9.0 9.76 298.0 293.56 
12.0 11.0 9.0 9.4 10.0 9.52 10.0 10.02 500.0 190.74 111.0 284.68 352.0 169.44 8.0 10.0 11.0 9.8 300.0 294.26 
11.0 10.98 8.0 9.38 10.0 9.54 10.0 10.0 500.0 198.44 104.0 280.98 236.0 170.9 9.0 9.98 11.0 9.76 290.0 292.64 
9.0 10.9 9.0 9.36 12.0 9.58 10.0 9.98 482.0 205.0 105.0 275.12 186.0 171.16 8.0 9.94 10.0 9.78 303.0 295.76 
8.0 10.8 9.0 9.34 9.0 9.58 13.0 10.08 494.0 211.28 48.0 274.22 278.0 173.34 10.0 9.94 8.0 9.78 263.0 296.2 
10.0 10.76 9.0 9.32 8.0 9.56 10.0 10.02 290.0 214.58 118.0 270.08 227.0 174.98 9.0 9.94 9.0 9.8 325.0 296.52 
10.0 10.74 8.0 9.3 8.0 9.52 10.0 10.04 196.0 215.34 115.0 262.38 278.0 176.88 9.0 9.88 10.0 9.78 296.0 300.3 
10.0 10.7 8.0 9.26 10.0 9.48 9.0 10.04 420.0 220.78 120.0 256.82 168.0 177.88 10.0 9.88 10.0 9.8 306.0 300.34 
12.0 10.6 10.0 9.26 9.0 9.48 10.0 10.06 292.0 224.38 125.0 254.6 230.0 179.12 9.0 9.86 10.0 9.8 454.0 307.58 
10.0 10.6 10.0 9.3 13.0 9.58 8.0 10.02 500.0 231.68 145.0 251.76 192.0 179.78 8.0 9.84 10.0 9.82 351.0 307.08 
10.0 10.56 10.0 9.32 10.0 9.6 10.0 10.02 500.0 239.0 114.0 244.04 295.0 182.0 8.0 9.78 9.0 9.82 341.0 308.06 
10.0 10.58 10.0 9.3 10.0 9.62 9.0 10.02 500.0 246.9 35.0 234.74 280.0 184.46 9.0 9.8 10.0 9.86 239.0 309.68 
12.0 10.62 10.0 9.3 9.0 9.6 13.0 10.08 387.0 252.42 123.0 227.2 163.0 185.14 9.0 9.76 8.0 9.78 348.0 313.56 
13.0 10.68 10.0 9.32 9.0 9.6 10.0 10.04 402.0 258.4 126.0 219.72 194.0 186.18 10.0 9.76 8.0 9.74 324.0 312.5 
10.0 10.7 10.0 9.32 14.0 9.68 9.0 10.02 500.0 266.26 116.0 212.04 174.0 187.38 10.0 9.78 9.0 9.72 387.0 313.28 
10.0 10.7 10.0 9.34 9.0 9.64 10.0 10.04 500.0 275.7 117.0 209.66 167.0 187.36 10.0 9.78 10.0 9.72 301.0 316.3 
10.0 10.68 9.0 9.34 10.0 9.64 9.0 10.04 312.0 279.84 114.0 205.82 168.0 187.46 9.0 9.76 10.0 9.76 452.0 318.68 
12.0 10.72 9.0 9.34 9.0 9.64 10.0 10.06 268.0 284.78 124.0 198.3 184.0 187.96 10.0 9.74 10.0 9.8 393.0 324.18 
9.0 10.66 10.0 9.36 11.0 9.66 8.0 10.02 398.0 290.8 104.0 194.56 169.0 189.98 10.0 9.74 9.0 9.8 395.0 323.28 
10.0 10.68 10.0 9.4 10.0 9.66 9.0 9.98 500.0 299.32 136.0 190.74 135.0 189.56 8.0 9.7 12.0 9.82 468.0 328.06 
11.0 10.68 10.0 9.42 9.0 9.64 10.0 9.98 500.0 308.86 129.0 183.32 128.0 189.0 10.0 9.66 10.0 9.86 500.0 335.18 
10.0 10.6 10.0 9.4 8.0 9.62 9.0 9.92 500.0 318.34 130.0 178.78 169.0 189.64 9.0 9.64 9.0 9.86 500.0 337.18 
10.0 10.56 10.0 9.42 9.0 9.62 9.0 9.9 462.0 326.92 153.0 175.02 225.0 191.46 9.0 9.52 9.0 9.84 500.0 342.36 
13.0 10.6 9.0 9.4 10.0 9.64 11.0 9.92 500.0 335.16 142.0 167.86 121.0 191.3 8.0 9.5 10.0 9.86 493.0 345.6 
10.0 10.56 10.0 9.44 9.0 9.64 9.0 9.82 500.0 343.18 162.0 165.48 142.0 191.44 10.0 9.52 11.0 9.82 479.0 350.68 
16.0 10.62 9.0 9.42 10.0 9.66 10.0 9.82 500.0 351.34 161.0 159.8 138.0 191.44 10.0 9.52 11.0 9.82 500.0 352.76 
12.0 10.7 9.0 9.42 10.0 9.6 9.0 9.82 500.0 360.82 153.0 152.86 108.0 190.32 10.0 9.54 9.0 9.82 279.0 351.26 
10.0 10.68 9.0 9.42 12.0 9.68 10.0 9.82 500.0 368.52 230.0 150.58 104.0 190.06 9.0 9.54 9.0 9.8 273.0 349.2 
10.0 10.68 10.0 9.44 10.0 9.72 10.0 9.78 500.0 376.12 203.0 146.88 123.0 189.48 8.0 9.52 11.0 9.8 272.0 344.64 
9.0 10.68 10.0 9.44 8.0 9.72 9.0 9.66 500.0 385.78 193.0 146.12 134.0 189.48 10.0 9.52 9.0 9.82 272.0 343.12 
12.0 10.68 10.0 9.44 10.0 9.72 10.0 9.66 500.0 393.1 209.0 145.52 92.0 188.4 8.0 9.48 10.0 9.82 259.0 344.16 
13.0 10.76 9.0 9.44 10.0 9.7 10.0 9.66 500.0 399.76 214.0 145.8 147.0 188.84 10.0 9.48 9.0 9.84 318.0 344.74 
12.0 10.78 9.0 9.44 8.0 9.66 10.0 9.66 500.0 406.12 225.0 141.6 127.0 188.22 12.0 9.52 10.0 9.84 243.0 339.92 
9.0 10.78 10.0 9.44 9.0 9.64 9.0 9.6 500.0 412.86 331.0 144.02 123.0 187.5 10.0 9.54 9.0 9.84 287.0 340.58 
10.0 10.72 10.0 9.44 11.0 9.66 11.0 9.64 500.0 418.56 312.0 144.56 121.0 187.2 8.0 9.52 8.0 9.8 338.0 341.22 
10.0 10.74 10.0 9.44 9.0 9.64 10.0 9.68 500.0 423.76 500.0 150.82 141.0 186.3 10.0 9.54 8.0 9.72 240.0 339.44 
13.0 10.74 8.0 9.42 8.0 9.62 9.0 9.68 500.0 428.34 316.0 153.08 148.0 186.22 9.0 9.52 9.0 9.72 309.0 341.06 
12.0 10.82 9.0 9.42 10.0 9.6 9.0 9.68 500.0 434.14 500.0 159.14 151.0 185.32 8.0 9.48 8.0 9.66 169.0 338.94 
9.0 10.8 9.0 9.38 10.0 9.62 12.0 9.72 500.0 438.4 466.0 164.32 150.0 184.86 9.0 9.48 9.0 9.64 237.0 337.08 
11.0 10.84 8.0 9.36 9.0 9.62 10.0 9.72 500.0 442.48 181.0 164.6 157.0 183.88 9.0 9.46 9.0 9.62 195.0 332.76 
11.0 10.84 10.0 9.38 9.0 9.6 10.0 9.74 500.0 445.74 500.0 171.52 131.0 182.78 9.0 9.44 9.0 9.6 59.0 327.08 
13.0 10.88 9.0 9.4 8.0 9.58 10.0 9.76 500.0 446.28 500.0 178.84 165.0 182.04 10.0 9.48 9.0 9.54 171.0 323.6 
10.0 10.86 9.0 9.4 9.0 9.56 14.0 9.84 489.0 449.56 500.0 186.22 178.0 181.2 10.0 9.42 10.0 9.56 150.0 319.0 
13.0 10.88 11.0 9.42 8.0 9.52 10.0 9.86 500.0 452.74 417.0 192.22 151.0 179.76 9.0 9.42 10.0 9.58 210.0 318.78 
9.0 10.84 9.0 9.4 10.0 9.52 9.0 9.84 444.0 451.62 446.0 198.42 242.0 180.46 10.0 9.44 10.0 9.58 243.0 318.74 
13.0 10.86 9.0 9.36 8.0 9.52 9.0 9.84 500.0 456.34 500.0 205.26 148.0 178.66 11.0 9.42 8.0 9.54 248.0 317.74 
10.0 10.82 11.0 9.4 10.0 9.54 9.0 9.82 500.0 456.34 421.0 211.18 226.0 179.2 11.0 9.46 8.0 9.5 253.0 315.52 
10.0 10.82 10.0 9.42 10.0 9.56 8.0 9.78 500.0 460.02 500.0 218.82 101.0 176.86 10.0 9.4 10.0 9.48 285.0 315.66 
13.0 10.92 9.0 9.42 10.0 9.58 10.0 9.8 500.0 461.46 255.0 222.5 157.0 176.52 11.0 9.42 11.0 9.5 359.0 316.8 
11.0 10.92 10.0 9.44 10.0 9.62 10.0 9.82 500.0 461.46 473.0 231.02 122.0 173.94 8.0 9.38 9.0 9.48 280.0 315.1 
11.0 10.88 9.0 9.44 10.0 9.62 9.0 9.82 500.0 466.72 90.0 232.24 165.0 172.22 9.0 9.34 10.0 9.5 289.0 314.92 
12.0 10.88 10.0 9.46 10.0 9.62 10.0 9.82 500.0 466.72 385.0 237.72 152.0 168.22 10.0 9.38 9.0 9.46 204.0 313.0 
12.0 10.9 13.0 9.56 8.0 9.58 10.0 9.82 500.0 466.72 374.0 243.12 98.0 165.46 9.0 9.38 13.0 9.5 137.0 309.94 
9.0 10.9 10.0 9.58 10.0 9.54 13.0 9.88 500.0 467.08 289.0 246.8 115.0 164.04 9.0 9.4 9.0 9.48 490.0 313.68 
11.0 10.96 11.0 9.62 9.0 9.54 9.0 9.8 500.0 467.2 254.0 250.92 107.0 160.62 10.0 9.4 8.0 9.48 237.0 313.16 
11.0 10.98 8.0 9.6 9.0 9.56 8.0 9.76 500.0 471.4 258.0 253.72 117.0 158.42 9.0 9.4 10.0 9.5 428.0 315.22 
11.0 11.0 9.0 9.62 10.0 9.6 8.0 9.72 464.0 476.76 231.0 256.04 108.0 155.02 9.0 9.4 10.0 9.5 479.0 318.88 
13.0 11.06 10.0 9.66 8.0 9.56 9.0 9.72 500.0 478.36 288.0 259.4 122.0 154.1 9.0 9.38 10.0 9.5 434.0 321.44 
14.0 11.1 9.0 9.64 9.0 9.56 12.0 9.76 500.0 482.52 258.0 262.06 133.0 152.16 10.0 9.4 8.0 9.46 500.0 322.36 
12.0 11.14 9.0 9.62 10.0 9.5 9.0 9.78 500.0 482.52 206.0 263.28 139.0 151.1 10.0 9.44 10.0 9.46 500.0 325.34 
10.0 11.14 10.0 9.62 9.0 9.48 12.0 9.82 500.0 482.52 164.0 264.28 136.0 147.92 10.0 9.48 9.0 9.46 500.0 328.52 
10.0 11.14 10.0 9.62 10.0 9.48 9.0 9.82 500.0 482.52 183.0 267.24 201.0 146.34 10.0 9.5 10.0 9.46 482.0 333.38 
11.0 11.12 9.0 9.6 10.0 9.5 8.0 9.72 500.0 484.78 150.0 267.78 139.0 145.86 8.0 9.48 10.0 9.5 500.0 336.42 
15.0 11.16 8.0 9.56 10.0 9.52 10.0 9.72 500.0 486.74 162.0 268.5 138.0 144.74 10.0 9.48 9.0 9.52 500.0 339.94 
10.0 11.16 9.0 9.54 9.0 9.42 10.0 9.74 500.0 486.74 134.0 268.86 158.0 144.42 10.0 9.48 9.0 9.52 500.0 342.2 
13.0 11.22 9.0 9.52 11.0 9.46 10.0 9.74 500.0 486.74 151.0 269.54 110.0 143.28 10.0 9.48 10.0 9.52 500.0 346.18 
14.0 11.3 9.0 9.52 11.0 9.48 8.0 9.72 500.0 490.5 169.0 270.64 146.0 142.84 8.0 9.46 8.0 9.48 442.0 345.98 
10.0 11.26 9.0 9.52 9.0 9.48 10.0 9.72 500.0 495.14 156.0 271.28 114.0 141.44 9.0 9.44 10.0 9.48 500.0 348.12 
10.0 11.28 10.0 9.52 10.0 9.46 8.0 9.72 500.0 497.18 142.0 272.04 154.0 141.14 10.0 9.44 9.0 9.48 280.0 345.82 
11.0 11.3 9.0 9.5 9.0 9.44 10.0 9.74 500.0 497.18 126.0 271.84 108.0 140.6 8.0 9.44 9.0 9.42 414.0 344.74 
9.0 11.26 9.0 9.48 9.0 9.44 10.0 9.74 500.0 497.18 180.0 272.86 190.0 141.84 10.0 9.44 11.0 9.44 470.0 344.14 
13.0 11.32 8.0 9.44 10.0 9.48 10.0 9.76 500.0 497.18 128.0 272.82 116.0 140.78 9.0 9.44 10.0 9.46 499.0 344.12 
11.0 11.34 9.0 9.42 8.0 9.46 12.0 9.82 500.0 497.94 142.0 272.6 139.0 139.06 10.0 9.46 10.0 9.48 500.0 344.12 
10.0 11.28 9.0 9.42 12.0 9.5 10.0 9.8 500.0 497.94 143.0 272.62 129.0 139.22 12.0 9.54 11.0 9.5 243.0 339.12 
11.0 11.3 10.0 9.42 8.0 9.48 10.0 9.82 500.0 497.94 182.0 273.02 147.0 139.32 13.0 9.6 11.0 9.5 441.0 338.36 
15.0 11.28 10.0 9.44 11.0 9.5 8.0 9.78 500.0 497.94 155.0 272.9 138.0 139.32 9.0 9.58 10.0 9.48 266.0 333.68 
13.0 11.3 8.0 9.42 9.0 9.48 9.0 9.78 480.0 497.54 178.0 273.4 167.0 140.5 10.0 9.58 10.0 9.5 440.0 336.9 
8.0 11.26 10.0 9.44 9.0 9.42 10.0 9.78 500.0 497.54 155.0 271.9 118.0 140.78 10.0 9.6 11.0 9.54 500.0 341.44 
13.0 11.32 10.0 9.44 11.0 9.44 10.0 9.78 323.0 494.0 144.0 270.72 114.0 140.6 9.0 9.62 10.0 9.52 500.0 346.0 
12.0 11.38 10.0 9.44 9.0 9.46 10.0 9.8 288.0 489.76 138.0 269.62 137.0 140.66 10.0 9.62 10.0 9.54 451.0 349.58 
10.0 11.34 11.0 9.46 10.0 9.46 10.0 9.8 424.0 488.24 156.0 268.56 212.0 143.06 10.0 9.66 10.0 9.54 500.0 354.4 
10.0 11.28 9.0 9.46 10.0 9.46 10.0 9.8 445.0 487.14 125.0 266.78 163.0 143.38 10.0 9.66 9.0 9.54 251.0 353.06 
12.0 11.28 9.0 9.46 9.0 9.48 10.0 9.8 353.0 484.2 129.0 264.86 131.0 143.46 8.0 9.58 9.0 9.52 324.0 354.68 
8.0 11.26 8.0 9.42 10.0 9.5 8.0 9.78 279.0 479.78 132.0 260.88 184.0 144.68 10.0 9.58 10.0 9.54 302.0 354.98 
12.0 11.3 9.0 9.4 10.0 9.48 9.0 9.74 352.0 476.82 137.0 257.38 188.0 146.02 10.0 9.62 10.0 9.58 265.0 353.52 
12.0 11.34 10.0 9.4 9.0 9.48 8.0 9.7 252.0 471.86 121.0 249.8 175.0 146.7 9.0 9.6 8.0 9.58 317.0 355.06 
12.0 11.32 10.0 9.44 9.0 9.5 10.0 9.72 371.0 469.28 112.0 245.72 177.0 147.28 9.0 9.6 9.0 9.58 283.0 354.54 
10.0 11.28 10.0 9.46 9.0 9.48 9.0 9.72 261.0 464.5 151.0 238.74 147.0 147.2 10.0 9.64 8.0 9.58 225.0 355.66 
11.0 11.32 8.0 9.44 9.0 9.46 10.0 9.68 321.0 460.92 26.0 229.94 271.0 149.62 10.0 9.66 10.0 9.6 203.0 354.98 
11.0 11.32 10.0 9.48 9.0 9.46 10.0 9.68 235.0 455.62 111.0 228.54 369.0 153.86 9.0 9.66 12.0 9.66 225.0 355.58 
12.0 11.34 9.0 9.46 8.0 9.44 8.0 9.64 246.0 450.54 117.0 220.88 278.0 156.8 8.0 9.64 9.0 9.66 192.0 358.24 
11.0 11.3 10.0 9.48 12.0 9.52 11.0 9.66 280.0 446.14 134.0 213.56 346.0 160.42 9.0 9.62 10.0 9.68 178.0 358.38 
12.0 11.34 10.0 9.5 10.0 9.54 10.0 9.58 425.0 444.86 118.0 205.92 247.0 161.8 9.0 9.6 10.0 9.68 230.0 359.98 
10.0 11.28 9.0 9.46 8.0 9.54 13.0 9.64 276.0 440.38 117.0 199.92 229.0 163.36 11.0 9.64 12.0 9.72 215.0 360.08 
10.0 11.3 9.0 9.46 10.0 9.54 10.0 9.66 357.0 438.64 123.0 193.46 226.0 163.04 10.0 9.64 10.0 9.72 178.0 358.78 
11.0 11.26 8.0 9.44 9.0 9.56 9.0 9.66 226.0 433.16 121.0 185.88 208.0 164.24 10.0 9.62 10.0 9.76 238.0 358.58 
12.0 11.3 10.0 9.42 11.0 9.58 12.0 9.72 241.0 427.98 117.0 179.8 173.0 163.18 9.0 9.58 8.0 9.76 240.0 358.32 
15.0 11.4 9.0 9.4 13.0 9.64 9.0 9.74 210.0 422.18 108.0 171.96 87.0 162.9 12.0 9.62 15.0 9.86 251.0 357.64 
10.0 11.34 10.0 9.42 8.0 9.6 9.0 9.72 264.0 417.46 121.0 169.28 278.0 165.32 10.0 9.6 9.0 9.82 265.0 355.76 
11.0 11.34 9.0 9.4 9.0 9.58 10.0 9.72 313.0 413.72 117.0 162.16 327.0 169.42 10.0 9.64 9.0 9.82 273.0 355.62 
11.0 11.34 8.0 9.38 8.0 9.54 9.0 9.72 280.0 409.32 133.0 163.02 348.0 173.08 11.0 9.68 8.0 9.78 233.0 354.5 
10.0 11.3 10.0 9.38 9.0 9.52 11.0 9.74 253.0 404.38 136.0 158.04 325.0 176.54 8.0 9.64 9.0 9.78 244.0 355.3 
11.0 11.28 9.0 9.3 9.0 9.54 10.0 9.74 239.0 399.16 129.0 153.14 204.0 178.66 10.0 9.66 10.0 9.72 244.0 357.44 
11.0 11.32 10.0 9.3 10.0 9.54 9.0 9.66 283.0 394.82 118.0 149.72 231.0 180.98 10.0 9.68 10.0 9.74 221.0 352.06 
9.0 11.28 10.0 9.28 10.0 9.56 8.0 9.64 193.0 388.68 117.0 146.98 274.0 184.32 9.0 9.66 8.0 9.74 228.0 351.88 
11.0 11.28 11.0 9.34 8.0 9.54 10.0 9.68 241.0 383.5 121.0 144.24 187.0 185.72 11.0 9.7 10.0 9.74 233.0 347.98 
9.0 11.24 8.0 9.32 9.0 9.52 8.0 9.68 165.0 377.52 22.0 140.06 215.0 187.86 10.0 9.72 13.0 9.8 265.0 343.7 
9.0 11.16 9.0 9.3 10.0 9.56 10.0 9.7 282.0 373.16 115.0 136.6 292.0 191.26 11.0 9.76 10.0 9.8 232.0 339.66 
9.0 11.06 10.0 9.32 12.0 9.62 10.0 9.66 208.0 367.32 23.0 131.9 239.0 193.38 10.0 9.76 10.0 9.84 271.0 335.08 
16.0 11.14 8.0 9.3 10.0 9.62 10.0 9.68 218.0 361.68 172.0 131.22 215.0 194.9 10.0 9.76 10.0 9.84 268.0 330.44 
11.0 11.16 10.0 9.3 9.0 9.62 11.0 9.66 324.0 358.16 150.0 130.94 231.0 196.8 10.0 9.76 10.0 9.86 258.0 325.6 
10.0 11.16 9.0 9.28 10.0 9.62 9.0 9.66 295.0 354.06 137.0 130.02 456.0 201.9 9.0 9.74 12.0 9.9 302.0 322.0 
12.0 11.18 8.0 9.26 10.0 9.62 9.0 9.68 215.0 348.36 181.0 130.64 179.0 202.7 9.0 9.76 9.0 9.88 265.0 317.3 
14.0 11.16 10.0 9.3 9.0 9.6 10.0 9.68 255.0 343.46 168.0 130.76 244.0 204.82 10.0 9.76 9.0 9.88 292.0 313.14 
11.0 11.18 10.0 9.32 10.0 9.62 8.0 9.64 313.0 339.72 144.0 130.96 207.0 205.8 9.0 9.74 12.0 9.94 280.0 308.74 
13.0 11.18 9.0 9.32 11.0 9.62 8.0 9.6 340.0 336.52 177.0 131.48 392.0 211.44 10.0 9.74 11.0 9.96 317.0 305.08 
12.0 11.14 9.0 9.32 10.0 9.6 8.0 9.6 372.0 333.96 206.0 132.22 227.0 213.06 11.0 9.8 10.0 10.0 273.0 301.7 
10.0 11.14 10.0 9.34 10.0 9.62 9.0 9.58 500.0 333.96 200.0 133.1 323.0 217.24 8.0 9.78 9.0 9.98 325.0 298.2 
9.0 11.12 9.0 9.32 9.0 9.6 9.0 9.6 458.0 333.12 236.0 134.98 399.0 222.14 12.0 9.82 9.0 9.98 335.0 299.3 
15.0 11.2 10.0 9.34 11.0 9.64 11.0 9.62 500.0 333.12 243.0 137.32 236.0 224.7 10.0 9.86 8.0 9.96 309.0 297.2 
10.0 11.22 9.0 9.34 8.0 9.62 9.0 9.6 500.0 333.12 259.0 138.9 179.0 224.48 10.0 9.86 9.0 9.92 269.0 293.18 
13.0 11.22 9.0 9.36 11.0 9.64 10.0 9.6 500.0 333.12 316.0 142.66 186.0 225.88 10.0 9.88 12.0 9.96 290.0 289.0 
12.0 11.24 9.0 9.36 10.0 9.68 9.0 9.54 500.0 333.12 321.0 146.24 257.0 228.24 8.0 9.84 10.0 9.96 311.0 285.22 
14.0 11.32 9.0 9.36 10.0 9.64 10.0 9.54 500.0 333.12 500.0 153.38 209.0 229.84 10.0 9.8 9.0 9.92 276.0 285.88 
11.0 11.32 9.0 9.34 10.0 9.68 11.0 9.56 500.0 333.12 127.0 152.28 195.0 230.8 9.0 9.72 9.0 9.88 314.0 283.34 
9.0 11.2 10.0 9.34 9.0 9.64 11.0 9.62 500.0 333.12 254.0 154.26 194.0 231.92 9.0 9.72 10.0 9.88 263.0 283.28 
10.0 11.14 9.0 9.36 9.0 9.64 8.0 9.6 470.0 332.92 500.0 160.7 218.0 232.94 9.0 9.7 10.0 9.88 378.0 282.04 
11.0 11.2 10.0 9.36 9.0 9.64 8.0 9.56 500.0 332.92 500.0 167.6 207.0 234.72 10.0 9.7 8.0 9.82 342.0 278.88 
15.0 11.24 10.0 9.36 9.0 9.6 9.0 9.54 500.0 336.46 500.0 174.72 210.0 236.64 9.0 9.7 10.0 9.82 453.0 277.94 
9.0 11.18 9.0 9.34 10.0 9.62 8.0 9.5 500.0 340.7 500.0 181.96 180.0 237.5 9.0 9.68 10.0 9.82 500.0 278.92 
11.0 11.2 10.0 9.32 8.0 9.58 10.0 9.5 356.0 339.34 176.0 182.36 183.0 236.92 9.0 9.66 9.0 9.8 499.0 278.9 
10.0 11.2 9.0 9.32 10.0 9.58 9.0 9.48 500.0 340.44 434.0 188.54 236.0 238.38 10.0 9.66 10.0 9.82 489.0 283.66 
11.0 11.18 8.0 9.3 9.0 9.58 10.0 9.48 500.0 343.38 62.0 187.2 234.0 240.44 10.0 9.7 10.0 9.84 500.0 287.18 
12.0 11.26 10.0 9.34 10.0 9.58 9.0 9.5 500.0 347.8 457.0 193.7 198.0 240.72 9.0 9.68 10.0 9.84 500.0 291.14 
11.0 11.24 10.0 9.36 9.0 9.56 10.0 9.52 500.0 350.76 500.0 200.96 254.0 242.04 10.0 9.68 8.0 9.8 500.0 295.84 
11.0 11.22 9.0 9.34 10.0 9.58 12.0 9.6 496.0 355.64 250.0 203.54 225.0 243.04 10.0 9.7 9.0 9.82 432.0 298.14 
11.0 11.2 9.0 9.32 8.0 9.56 8.0 9.56 500.0 358.22 500.0 211.3 218.0 243.86 8.0 9.68 9.0 9.82 500.0 302.48 
11.0 11.22 9.0 9.3 11.0 9.6 10.0 9.58 500.0 363.0 500.0 218.28 258.0 246.08 9.0 9.66 10.0 9.86 500.0 307.98 
12.0 11.24 10.0 9.34 10.0 9.62 11.0 9.6 500.0 366.58 367.0 225.1 306.0 246.78 10.0 9.66 10.0 9.86 500.0 313.92 
11.0 11.24 9.0 9.32 10.0 9.64 8.0 9.56 500.0 371.88 500.0 232.88 234.0 244.08 11.0 9.7 11.0 9.84 500.0 319.42 
11.0 11.22 10.0 9.34 9.0 9.66 9.0 9.58 500.0 376.96 78.0 232.1 255.0 243.62 10.0 9.74 9.0 9.84 500.0 325.58 
9.0 11.18 10.0 9.34 9.0 9.6 9.0 9.54 447.0 380.3 260.0 234.62 186.0 240.42 8.0 9.72 11.0 9.86 500.0 332.02 
12.0 11.18 9.0 9.32 9.0 9.58 9.0 9.52 500.0 381.8 334.0 238.94 217.0 239.82 10.0 9.74 11.0 9.88 500.0 337.42 
10.0 11.18 10.0 9.34 10.0 9.62 10.0 9.46 500.0 386.28 292.0 242.44 168.0 238.6 9.0 9.7 9.0 9.82 500.0 343.12 
11.0 11.2 9.0 9.34 10.0 9.62 12.0 9.5 500.0 389.14 356.0 247.1 247.0 239.02 10.0 9.7 8.0 9.78 500.0 349.56 
8.0 11.14 9.0 9.36 8.0 9.6 9.0 9.5 500.0 394.62 157.0 247.82 292.0 240.7 11.0 9.72 12.0 9.82 500.0 354.8 
11.0 11.12 8.0 9.32 11.0 9.6 10.0 9.46 500.0 399.8 345.0 252.38 148.0 240.2 8.0 9.7 10.0 9.86 500.0 360.0 
11.0 11.04 8.0 9.3 10.0 9.54 10.0 9.48 500.0 405.6 388.0 257.98 211.0 242.68 9.0 9.64 9.0 9.74 500.0 364.98 
14.0 11.12 9.0 9.28 10.0 9.58 9.0 9.48 500.0 410.32 234.0 260.24 228.0 241.68 13.0 9.7 10.0 9.76 500.0 369.68 
15.0 11.2 10.0 9.3 10.0 9.6 9.0 9.46 364.0 411.34 216.0 262.22 276.0 240.66 8.0 9.66 10.0 9.78 500.0 374.22 
10.0 11.18 10.0 9.34 10.0 9.64 9.0 9.46 324.0 412.22 186.0 263.28 293.0 239.56 8.0 9.6 10.0 9.82 500.0 379.56 
8.0 11.14 9.0 9.32 10.0 9.66 9.0 9.42 487.0 416.9 248.0 265.52 236.0 237.78 8.0 9.6 10.0 9.84 500.0 384.68 
10.0 11.12 9.0 9.32 8.0 9.64 9.0 9.4 500.0 422.12 195.0 266.84 222.0 238.14 10.0 9.6 9.0 9.82 500.0 389.8 
10.0 11.1 10.0 9.32 9.0 9.62 10.0 9.42 379.0 424.04 211.0 268.7 210.0 237.72 12.0 9.64 10.0 9.82 500.0 395.38 
11.0 11.14 9.0 9.3 10.0 9.62 10.0 9.46 500.0 430.18 184.0 270.04 266.0 237.56 12.0 9.7 15.0 9.96 500.0 400.82 
10.0 11.12 9.0 9.26 9.0 9.64 10.0 9.46 500.0 435.36 118.0 269.98 228.0 238.38 9.0 9.66 10.0 9.96 500.0 406.16 
11.0 11.16 9.0 9.28 9.0 9.64 9.0 9.48 500.0 442.06 181.0 273.16 468.0 243.44 9.0 9.64 8.0 9.86 500.0 410.86 
10.0 11.18 10.0 9.3 9.0 9.62 9.0 9.46 441.0 445.24 202.0 274.9 204.0 241.68 10.0 9.62 9.0 9.84 500.0 416.22 
12.0 11.24 9.0 9.28 10.0 9.58 10.0 9.46 478.0 450.64 137.0 277.18 221.0 241.32 8.0 9.58 10.0 9.84 500.0 420.8 
8.0 11.08 9.0 9.3 9.0 9.56 9.0 9.44 500.0 456.28 158.0 276.9 237.0 241.76 12.0 9.62 8.0 9.8 295.0 421.34 
8.0 11.02 10.0 9.3 9.0 9.56 10.0 9.42 350.0 456.8 163.0 277.16 332.0 243.78 10.0 9.62 8.0 9.76 500.0 426.18 
10.0 11.02 8.0 9.28 10.0 9.56 9.0 9.42 500.0 460.9 172.0 277.86 441.0 243.48 8.0 9.6 14.0 9.8 500.0 430.14 
9.0 10.96 8.0 9.28 10.0 9.56 10.0 9.44 329.0 463.18 158.0 277.4 245.0 244.8 9.0 9.6 11.0 9.84 500.0 434.84 
11.0 10.9 10.0 9.28 12.0 9.62 11.0 9.46 500.0 468.08 151.0 277.06 173.0 243.38 9.0 9.58 10.0 9.86 354.0 436.08 
9.0 10.86 8.0 9.24 9.0 9.6 10.0 9.5 500.0 471.82 131.0 276.8 299.0 245.22 9.0 9.58 9.0 9.8 318.0 436.84 
12.0 10.84 9.0 9.24 9.0 9.56 14.0 9.62 500.0 475.02 134.0 275.94 217.0 241.72 10.0 9.58 9.0 9.76 500.0 440.5 
11.0 10.82 10.0 9.26 10.0 9.56 9.0 9.64 372.0 475.02 148.0 274.78 267.0 242.52 10.0 9.56 11.0 9.78 500.0 445.04 
9.0 10.8 11.0 9.28 9.0 9.54 9.0 9.64 350.0 472.02 137.0 273.52 180.0 239.66 10.0 9.6 8.0 9.76 500.0 448.54 
11.0 10.84 10.0 9.3 12.0 9.6 8.0 9.62 500.0 472.86 124.0 271.28 190.0 235.48 8.0 9.52 10.0 9.78 500.0 451.84 
9.0 10.72 10.0 9.3 10.0 9.58 10.0 9.6 500.0 472.86 158.0 269.58 199.0 234.74 10.0 9.52 10.0 9.82 368.0 453.02 
10.0 10.72 10.0 9.32 9.0 9.6 9.0 9.6 500.0 472.86 122.0 266.84 122.0 233.6 9.0 9.5 9.0 9.82 500.0 457.64 
11.0 10.68 10.0 9.34 10.0 9.58 9.0 9.58 500.0 472.86 128.0 263.08 181.0 233.5 11.0 9.52 10.0 9.78 500.0 461.84 
9.0 10.62 9.0 9.34 9.0 9.56 10.0 9.6 500.0 472.86 106.0 258.78 223.0 232.82 11.0 9.58 11.0 9.8 419.0 464.0 
10.0 10.54 9.0 9.34 9.0 9.54 10.0 9.6 500.0 472.86 136.0 251.5 171.0 232.06 10.0 9.58 8.0 9.78 500.0 468.48 
11.0 10.54 8.0 9.32 10.0 9.54 10.0 9.58 500.0 472.86 114.0 251.24 143.0 231.02 9.0 9.58 9.0 9.78 500.0 472.2 
8.0 10.52 9.0 9.3 10.0 9.56 8.0 9.52 500.0 472.86 111.0 248.38 214.0 231.42 9.0 9.58 10.0 9.78 500.0 476.94 
9.0 10.5 9.0 9.3 9.0 9.56 9.0 9.54 400.0 471.46 114.0 240.66 194.0 230.94 10.0 9.6 9.0 9.76 500.0 479.38 
11.0 10.5 8.0 9.26 9.0 9.56 10.0 9.58 500.0 471.46 117.0 233.0 244.0 231.68 9.0 9.58 9.0 9.78 500.0 482.54 
12.0 10.44 10.0 9.26 9.0 9.56 9.0 9.58 348.0 468.42 22.0 223.44 422.0 235.92 8.0 9.56 10.0 9.78 500.0 483.48 
10.0 10.46 9.0 9.26 9.0 9.54 8.0 9.58 500.0 468.42 116.0 215.76 98.0 234.28 10.0 9.58 11.0 9.8 500.0 483.48 
11.0 10.46 10.0 9.26 9.0 9.56 10.0 9.58 481.0 470.92 102.0 214.28 199.0 234.6 10.0 9.6 10.0 9.82 500.0 483.5 
12.0 10.5 13.0 9.34 9.0 9.54 9.0 9.58 343.0 467.78 91.0 207.42 188.0 233.64 8.0 9.56 12.0 9.86 271.0 479.14 
12.0 10.52 10.0 9.38 8.0 9.52 10.0 9.58 500.0 467.78 103.0 208.24 327.0 235.5 8.0 9.52 10.0 9.86 500.0 479.14 
11.0 10.5 10.0 9.38 10.0 9.52 10.0 9.6 395.0 465.68 109.0 201.28 460.0 240.74 9.0 9.52 8.0 9.82 197.0 473.08 
10.0 10.48 9.0 9.36 10.0 9.54 9.0 9.58 356.0 462.8 84.0 192.96 374.0 243.14 11.0 9.54 10.0 9.86 500.0 473.08 
10.0 10.46 8.0 9.34 9.0 9.52 14.0 9.62 347.0 459.82 58.0 189.12 465.0 247.94 10.0 9.54 10.0 9.88 500.0 474.44 
10.0 10.44 9.0 9.34 10.0 9.56 9.0 9.64 389.0 457.6 24.0 179.6 287.0 249.32 8.0 9.54 8.0 9.86 340.0 471.24 
10.0 10.42 10.0 9.36 8.0 9.5 9.0 9.62 282.0 453.24 54.0 170.68 274.0 249.64 10.0 9.56 11.0 9.88 500.0 471.24 
12.0 10.42 10.0 9.36 9.0 9.48 13.0 9.66 304.0 449.32 82.0 164.98 292.0 249.36 10.0 9.56 12.0 9.92 500.0 471.24 
11.0 10.42 8.0 9.34 9.0 9.46 11.0 9.72 426.0 447.84 57.0 156.12 289.0 250.46 10.0 9.54 10.0 9.9 500.0 471.24 
15.0 10.5 10.0 9.34 9.0 9.46 14.0 9.82 209.0 442.02 65.0 155.86 500.0 255.36 12.0 9.58 10.0 9.92 500.0 471.24 
12.0 10.56 9.0 9.32 8.0 9.44 12.0 9.88 500.0 443.08 82.0 152.3 389.0 259.42 8.0 9.58 9.0 9.88 500.0 471.24 
9.0 10.5 8.0 9.3 10.0 9.46 10.0 9.9 500.0 443.08 102.0 147.66 390.0 262.88 10.0 9.58 9.0 9.84 500.0 471.24 
12.0 10.54 9.0 9.28 9.0 9.44 9.0 9.88 500.0 443.08 111.0 144.04 372.0 266.96 9.0 9.58 10.0 9.86 500.0 471.24 
12.0 10.56 8.0 9.26 11.0 9.46 9.0 9.82 500.0 443.08 111.0 139.14 399.0 270.0 9.0 9.56 10.0 9.9 449.0 470.22 
10.0 10.6 9.0 9.26 9.0 9.48 9.0 9.82 500.0 443.08 107.0 138.14 314.0 270.44 9.0 9.52 10.0 9.86 500.0 470.22 
9.0 10.56 10.0 9.3 8.0 9.42 10.0 9.82 500.0 443.08 120.0 133.64 500.0 277.48 11.0 9.58 10.0 9.86 500.0 470.22 
12.0 10.58 10.0 9.34 11.0 9.44 9.0 9.8 340.0 439.88 118.0 128.24 500.0 283.26 9.0 9.58 11.0 9.9 500.0 470.22 
12.0 10.54 10.0 9.36 9.0 9.42 13.0 9.88 500.0 439.88 154.0 126.64 401.0 286.72 10.0 9.52 9.0 9.88 404.0 468.3 
13.0 10.5 10.0 9.36 10.0 9.42 9.0 9.88 500.0 442.6 151.0 125.34 500.0 291.2 11.0 9.58 9.0 9.86 500.0 468.3 
9.0 10.48 10.0 9.36 8.0 9.38 12.0 9.94 330.0 442.72 137.0 124.36 500.0 295.34 10.0 9.62 9.0 9.84 500.0 468.3 
12.0 10.56 8.0 9.34 9.0 9.36 9.0 9.94 500.0 442.98 149.0 122.38 500.0 300.62 9.0 9.64 10.0 9.84 500.0 468.3 
8.0 10.52 9.0 9.34 10.0 9.4 10.0 9.96 500.0 442.98 170.0 121.88 262.0 301.42 9.0 9.62 9.0 9.84 500.0 468.3 
13.0 10.58 9.0 9.32 10.0 9.42 9.0 9.94 500.0 445.4 127.0 120.2 500.0 307.22 9.0 9.56 9.0 9.82 387.0 466.04 
10.0 10.56 10.0 9.34 9.0 9.4 9.0 9.92 500.0 445.4 148.0 119.48 353.0 308.96 9.0 9.5 10.0 9.72 380.0 463.64 
11.0 10.58 9.0 9.34 11.0 9.44 10.0 9.92 500.0 445.4 162.0 120.36 500.0 314.4 9.0 9.5 9.0 9.7 362.0 460.88 
11.0 10.58 10.0 9.36 9.0 9.44 9.0 9.92 500.0 445.4 166.0 120.06 500.0 315.04 9.0 9.5 9.0 9.72 338.0 457.64 
12.0 10.62 9.0 9.34 9.0 9.44 9.0 9.92 500.0 446.58 153.0 119.08 461.0 320.18 11.0 9.52 9.0 9.72 313.0 453.9 
10.0 10.58 10.0 9.36 11.0 9.46 8.0 9.88 500.0 447.02 135.0 119.04 500.0 325.76 10.0 9.56 9.0 9.7 261.0 449.12 
12.0 10.66 10.0 9.38 9.0 9.46 10.0 9.9 500.0 447.02 120.0 118.28 152.0 324.06 10.0 9.52 9.0 9.72 254.0 448.3 
13.0 10.76 9.0 9.36 9.0 9.46 9.0 9.88 500.0 450.02 182.0 118.66 500.0 327.42 9.0 9.5 9.0 9.74 257.0 443.44 
8.0 10.72 10.0 9.4 10.0 9.46 13.0 9.96 500.0 450.02 146.0 118.14 339.0 325.38 8.0 9.5 12.0 9.7 162.0 436.68 
14.0 10.82 10.0 9.44 8.0 9.42 10.0 9.96 500.0 453.44 124.0 117.46 500.0 330.48 9.0 9.5 10.0 9.68 169.0 430.06 
11.0 10.82 8.0 9.4 9.0 9.36 10.0 9.94 500.0 453.44 150.0 117.44 443.0 335.88 9.0 9.5 9.0 9.66 184.0 426.66 
12.0 10.88 10.0 9.44 10.0 9.38 10.0 9.94 500.0 453.44 118.0 117.18 359.0 337.08 8.0 9.48 10.0 9.68 150.0 423.3 
15.0 10.94 9.0 9.44 10.0 9.4 9.0 9.84 500.0 453.44 146.0 117.42 399.0 340.72 10.0 9.48 9.0 9.68 128.0 415.86 
12.0 10.96 10.0 9.44 8.0 9.36 10.0 9.86 500.0 456.0 29.0 115.04 500.0 345.38 10.0 9.48 13.0 9.72 138.0 408.62 
10.0 10.98 10.0 9.42 9.0 9.36 10.0 9.88 500.0 459.0 137.0 115.04 489.0 351.56 11.0 9.5 11.0 9.78 153.0 401.68 
9.0 10.94 10.0 9.42 10.0 9.32 10.0 9.92 500.0 459.0 136.0 115.28 352.0 354.8 9.0 9.52 9.0 9.76 114.0 393.96 
11.0 10.98 10.0 9.42 9.0 9.3 10.0 9.92 500.0 459.0 151.0 115.14 500.0 360.82 10.0 9.52 12.0 9.8 154.0 389.68 
11.0 11.0 9.0 9.4 11.0 9.34 10.0 9.94 500.0 459.0 166.0 116.02 500.0 368.38 12.0 9.58 10.0 9.82 145.0 382.58 
12.0 11.02 10.0 9.4 9.0 9.32 12.0 10.0 500.0 459.0 152.0 116.5 403.0 372.82 9.0 9.54 11.0 9.84 126.0 375.1 
12.0 11.08 9.0 9.4 10.0 9.34 13.0 10.06 500.0 459.0 141.0 117.2 500.0 378.36 10.0 9.52 12.0 9.86 140.0 369.52 
10.0 11.08 10.0 9.42 10.0 9.36 9.0 10.04 500.0 459.0 160.0 117.68 500.0 384.94 9.0 9.5 8.0 9.86 126.0 362.04 
11.0 11.08 11.0 9.48 11.0 9.38 10.0 10.04 500.0 459.0 155.0 118.5 283.0 387.74 10.0 9.52 10.0 9.88 122.0 354.48 
14.0 11.2 8.0 9.46 9.0 9.36 14.0 10.16 500.0 459.0 177.0 119.82 500.0 393.46 10.0 9.54 9.0 9.86 125.0 346.98 
9.0 11.2 9.0 9.46 13.0 9.44 13.0 10.24 500.0 461.0 170.0 120.94 500.0 399.58 9.0 9.52 9.0 9.86 143.0 339.84 
14.0 11.26 9.0 9.48 9.0 9.44 10.0 10.24 500.0 461.0 152.0 121.64 500.0 404.7 9.0 9.52 10.0 9.88 134.0 332.52 
11.0 11.24 11.0 9.5 10.0 9.46 12.0 10.3 500.0 464.04 165.0 124.5 500.0 406.26 10.0 9.56 8.0 9.84 129.0 325.1 
10.0 11.24 10.0 9.52 10.0 9.48 10.0 10.34 500.0 464.04 151.0 125.2 500.0 414.3 8.0 9.52 10.0 9.82 129.0 317.68 
11.0 11.24 9.0 9.5 9.0 9.48 9.0 10.32 500.0 464.42 158.0 126.32 500.0 420.32 10.0 9.52 8.0 9.78 149.0 310.66 
9.0 11.18 10.0 9.44 9.0 9.48 8.0 10.3 500.0 467.56 157.0 127.64 411.0 424.78 10.0 9.56 10.0 9.74 176.0 308.76 
10.0 11.14 10.0 9.44 10.0 9.52 9.0 10.28 500.0 467.56 161.0 128.8 262.0 423.48 10.0 9.6 12.0 9.78 125.0 301.26 
12.0 11.16 9.0 9.42 15.0 9.62 12.0 10.32 500.0 469.66 173.0 130.08 500.0 424.28 9.0 9.6 10.0 9.82 136.0 300.04 
12.0 11.2 9.0 9.42 10.0 9.62 10.0 10.34 500.0 472.54 148.0 131.36 292.0 422.64 10.0 9.58 8.0 9.78 169.0 293.42 
9.0 11.18 10.0 9.46 10.0 9.64 9.0 10.24 500.0 475.6 166.0 133.52 457.0 422.48 10.0 9.58 13.0 9.84 149.0 286.4 
13.0 11.24 9.0 9.46 9.0 9.62 10.0 10.26 500.0 477.82 163.0 136.3 500.0 426.74 10.0 9.62 10.0 9.88 215.0 283.9 
11.0 11.26 9.0 9.44 8.0 9.62 12.0 10.32 500.0 482.18 175.0 138.72 318.0 427.62 10.0 9.62 9.0 9.84 171.0 277.32 
9.0 11.2 9.0 9.42 13.0 9.7 9.0 10.24 500.0 486.1 167.0 140.42 500.0 431.78 10.0 9.62 9.0 9.78 218.0 271.68 
13.0 11.24 9.0 9.44 8.0 9.68 9.0 10.2 500.0 487.58 184.0 142.96 500.0 436.0 11.0 9.64 12.0 9.82 162.0 264.92 
14.0 11.22 10.0 9.44 10.0 9.7 9.0 10.1 500.0 493.4 184.0 145.34 500.0 436.0 9.0 9.58 11.0 9.84 218.0 259.28 
13.0 11.24 10.0 9.46 10.0 9.74 10.0 10.06 500.0 493.4 167.0 147.04 467.0 437.56 9.0 9.6 9.0 9.84 195.0 253.18 
14.0 11.34 9.0 9.48 10.0 9.74 14.0 10.14 500.0 493.4 182.0 148.64 500.0 439.76 10.0 9.6 11.0 9.88 221.0 247.6 
9.0 11.28 9.0 9.48 8.0 9.72 10.0 10.16 500.0 493.4 167.0 149.76 500.0 442.32 10.0 9.62 9.0 9.86 230.0 242.2 
9.0 11.22 10.0 9.52 10.0 9.7 10.0 10.18 500.0 493.4 164.0 150.82 422.0 442.78 8.0 9.6 9.0 9.84 250.0 238.22 
9.0 11.2 10.0 9.54 9.0 9.7 10.0 10.2 500.0 493.4 173.0 152.14 500.0 446.5 9.0 9.6 9.0 9.82 236.0 232.94 
9.0 11.2 9.0 9.52 11.0 9.76 11.0 10.22 500.0 493.4 142.0 152.58 343.0 443.36 12.0 9.62 10.0 9.82 360.0 230.14 
10.0 11.16 10.0 9.52 9.0 9.72 11.0 10.26 500.0 496.6 164.0 153.5 347.0 440.3 10.0 9.64 10.0 9.8 220.0 224.54 
9.0 11.1 10.0 9.52 10.0 9.74 9.0 10.18 500.0 496.6 183.0 154.08 500.0 442.28 9.0 9.62 9.0 9.8 124.0 218.94 
11.0 11.06 9.0 9.5 9.0 9.72 10.0 10.2 437.0 495.34 158.0 154.22 500.0 442.28 10.0 9.6 9.0 9.8 269.0 214.32 
12.0 11.12 8.0 9.46 9.0 9.74 11.0 10.18 500.0 498.74 182.0 155.12 440.0 441.08 11.0 9.62 9.0 9.8 260.0 209.52 
11.0 11.1 11.0 9.52 9.0 9.74 9.0 10.18 500.0 498.74 158.0 155.3 500.0 441.08 11.0 9.66 11.0 9.82 263.0 204.78 
9.0 11.12 9.0 9.52 9.0 9.72 10.0 10.18 500.0 498.74 142.0 154.74 500.0 445.84 9.0 9.66 12.0 9.88 231.0 199.4 
12.0 11.1 9.0 9.52 9.0 9.7 9.0 10.18 500.0 498.74 160.0 155.4 249.0 440.82 9.0 9.66 12.0 9.94 250.0 196.66 
9.0 11.08 9.0 9.5 10.0 9.72 9.0 10.18 500.0 498.74 148.0 155.4 433.0 442.42 9.0 9.66 12.0 9.98 225.0 193.56 
12.0 11.1 9.0 9.5 9.0 9.68 9.0 10.16 500.0 498.74 158.0 155.32 385.0 440.12 10.0 9.68 10.0 10.0 239.0 191.1 
11.0 11.1 9.0 9.48 10.0 9.7 11.0 10.2 500.0 498.74 186.0 155.72 253.0 435.18 10.0 9.7 10.0 10.02 132.0 186.98 
13.0 11.12 9.0 9.48 10.0 9.72 9.0 10.2 500.0 498.74 152.0 155.7 240.0 430.76 10.0 9.68 9.0 10.02 237.0 185.46 
11.0 11.14 9.0 9.46 9.0 9.68 10.0 10.24 500.0 498.74 159.0 156.18 500.0 430.76 8.0 9.64 11.0 10.06 148.0 183.2 
10.0 11.1 9.0 9.44 10.0 9.7 8.0 10.2 500.0 498.74 127.0 156.32 331.0 434.34 8.0 9.6 8.0 10.04 214.0 182.4 
11.0 11.06 9.0 9.44 10.0 9.72 9.0 10.2 500.0 498.74 155.0 155.78 262.0 429.58 10.0 9.62 11.0 10.08 214.0 181.54 
13.0 11.16 10.0 9.44 12.0 9.76 9.0 10.12 500.0 498.74 147.0 155.8 365.0 430.1 13.0 9.72 10.0 10.04 232.0 182.94 
