12.0 12.0 41.0 41.0 26.0 26.0 21.0 21.0 11.0 11.0 13.0 13.0 17.0 17.0 9.0 9.0 10.0 10.0 15.0 15.0 
12.0 12.0 33.0 37.0 18.0 22.0 67.0 44.0 23.0 17.0 12.0 12.5 13.0 15.0 22.0 15.5 14.0 12.0 14.0 14.5 
23.0 15.666666666666666 22.0 32.0 60.0 34.666666666666664 19.0 35.666666666666664 28.0 20.666666666666668 34.0 19.666666666666668 29.0 19.666666666666668 15.0 15.333333333333334 36.0 20.0 18.0 15.666666666666666 
35.0 20.5 34.0 32.5 10.0 28.5 20.0 31.75 20.0 20.5 12.0 17.75 15.0 18.5 13.0 14.75 57.0 29.25 18.0 16.25 
25.0 21.4 10.0 28.0 28.0 28.4 40.0 33.4 11.0 18.6 14.0 17.0 14.0 17.6 9.0 13.6 38.0 31.0 11.0 15.2 
14.0 20.166666666666668 13.0 25.5 29.0 28.5 23.0 31.666666666666668 14.0 17.833333333333332 13.0 16.333333333333332 58.0 24.333333333333332 23.0 15.166666666666666 18.0 28.833333333333332 19.0 15.833333333333334 
31.0 21.714285714285715 11.0 23.428571428571427 11.0 26.0 15.0 29.285714285714285 25.0 18.857142857142858 17.0 16.428571428571427 18.0 23.428571428571427 20.0 15.857142857142858 26.0 28.428571428571427 10.0 15.0 
15.0 20.875 31.0 24.375 13.0 24.375 20.0 28.125 48.0 22.5 14.0 16.125 40.0 25.5 23.0 16.75 48.0 30.875 29.0 16.75 
15.0 20.22222222222222 31.0 25.11111111111111 19.0 23.77777777777778 16.0 26.77777777777778 15.0 21.666666666666668 25.0 17.11111111111111 15.0 24.333333333333332 35.0 18.77777777777778 21.0 29.77777777777778 39.0 19.22222222222222 
21.0 20.3 14.0 24.0 22.0 23.6 12.0 25.3 20.0 21.5 36.0 19.0 10.0 22.9 11.0 18.0 27.0 29.5 29.0 20.2 
16.0 19.90909090909091 20.0 23.636363636363637 16.0 22.90909090909091 41.0 26.727272727272727 11.0 20.545454545454547 29.0 19.90909090909091 25.0 23.09090909090909 22.0 18.363636363636363 11.0 27.818181818181817 68.0 24.545454545454547 
10.0 19.083333333333332 16.0 23.0 24.0 23.0 30.0 27.0 21.0 20.583333333333332 16.0 19.583333333333332 9.0 21.916666666666668 23.0 18.75 42.0 29.0 30.0 25.0 
45.0 21.076923076923077 23.0 23.0 31.0 23.615384615384617 12.0 25.846153846153847 45.0 22.46153846153846 19.0 19.53846153846154 11.0 21.076923076923077 31.0 19.692307692307693 21.0 28.384615384615383 13.0 24.076923076923077 
14.0 20.571428571428573 18.0 22.642857142857142 13.0 22.857142857142858 33.0 26.357142857142858 15.0 21.928571428571427 11.0 18.928571428571427 23.0 21.214285714285715 23.0 19.928571428571427 9.0 27.0 18.0 23.642857142857142 
16.0 20.266666666666666 35.0 23.466666666666665 23.0 22.866666666666667 17.0 25.733333333333334 19.0 21.733333333333334 24.0 19.266666666666666 17.0 20.933333333333334 24.0 20.2 36.0 27.6 14.0 23.0 
17.0 20.0625 21.0 23.3125 13.0 22.25 20.0 25.375 23.0 21.8125 19.0 19.25 25.0 21.1875 22.0 20.3125 14.0 26.75 21.0 22.875 
9.0 19.41176470588235 13.0 22.705882352941178 20.0 22.11764705882353 23.0 25.235294117647058 34.0 22.529411764705884 29.0 19.823529411764707 15.0 20.823529411764707 31.0 20.941176470588236 25.0 26.647058823529413 16.0 22.470588235294116 
15.0 19.166666666666668 24.0 22.77777777777778 12.0 21.555555555555557 42.0 26.166666666666668 37.0 23.333333333333332 18.0 19.72222222222222 22.0 20.88888888888889 14.0 20.555555555555557 10.0 25.72222222222222 32.0 23.0 
19.0 19.157894736842106 27.0 23.0 14.0 21.157894736842106 35.0 26.63157894736842 16.0 22.94736842105263 47.0 21.157894736842106 15.0 20.57894736842105 17.0 20.36842105263158 17.0 25.263157894736842 9.0 22.263157894736842 
22.0 19.3 33.0 23.5 10.0 20.6 39.0 27.25 35.0 23.55 34.0 21.8 21.0 20.6 63.0 22.5 58.0 26.9 18.0 22.05 
10.0 18.857142857142858 15.0 23.095238095238095 18.0 20.476190476190474 46.0 28.142857142857142 18.0 23.285714285714285 24.0 21.904761904761905 31.0 21.095238095238095 20.0 22.38095238095238 21.0 26.61904761904762 24.0 22.142857142857142 
12.0 18.545454545454547 38.0 23.772727272727273 21.0 20.5 73.0 30.181818181818183 21.0 23.181818181818183 42.0 22.818181818181817 28.0 21.40909090909091 31.0 22.772727272727273 16.0 26.136363636363637 32.0 22.59090909090909 
18.0 18.52173913043478 35.0 24.26086956521739 30.0 20.91304347826087 19.0 29.695652173913043 20.0 23.043478260869566 29.0 23.08695652173913 26.0 21.608695652173914 16.0 22.47826086956522 11.0 25.47826086956522 13.0 22.17391304347826 
11.0 18.208333333333332 32.0 24.583333333333332 16.0 20.708333333333332 22.0 29.375 30.0 23.333333333333332 23.0 23.083333333333332 20.0 21.541666666666668 18.0 22.291666666666668 9.0 24.791666666666668 19.0 22.041666666666668 
26.0 18.52 41.0 25.24 13.0 20.4 32.0 29.48 46.0 24.24 18.0 22.88 18.0 21.4 36.0 22.84 13.0 24.32 16.0 21.8 
38.0 19.26923076923077 19.0 25.0 14.0 20.153846153846153 40.0 29.884615384615383 14.0 23.846153846153847 23.0 22.884615384615383 10.0 20.96153846153846 13.0 22.46153846153846 8.0 23.692307692307693 20.0 21.73076923076923 
10.0 18.925925925925927 43.0 25.666666666666668 10.0 19.77777777777778 29.0 29.85185185185185 15.0 23.51851851851852 29.0 23.11111111111111 16.0 20.77777777777778 13.0 22.11111111111111 18.0 23.48148148148148 13.0 21.40740740740741 
10.0 18.607142857142858 23.0 25.571428571428573 24.0 19.928571428571427 17.0 29.392857142857142 19.0 23.357142857142858 16.0 22.857142857142858 32.0 21.178571428571427 13.0 21.785714285714285 18.0 23.285714285714285 15.0 21.178571428571427 
17.0 18.551724137931036 33.0 25.82758620689655 12.0 19.655172413793103 48.0 30.03448275862069 24.0 23.379310344827587 14.0 22.551724137931036 22.0 21.20689655172414 41.0 22.448275862068964 16.0 23.03448275862069 28.0 21.413793103448278 
35.0 19.1 21.0 25.666666666666668 15.0 19.5 23.0 29.8 28.0 23.533333333333335 12.0 22.2 33.0 21.6 22.0 22.433333333333334 14.0 22.733333333333334 27.0 21.6 
12.0 18.870967741935484 20.0 25.483870967741936 20.0 19.516129032258064 20.0 29.483870967741936 16.0 23.29032258064516 15.0 21.967741935483872 26.0 21.741935483870968 22.0 22.419354838709676 9.0 22.29032258064516 29.0 21.838709677419356 
14.0 18.71875 15.0 25.15625 15.0 19.375 26.0 29.375 14.0 23.0 12.0 21.65625 8.0 21.3125 14.0 22.15625 22.0 22.28125 11.0 21.5 
16.0 18.636363636363637 45.0 25.757575757575758 11.0 19.12121212121212 23.0 29.181818181818183 15.0 22.757575757575758 12.0 21.363636363636363 9.0 20.939393939393938 28.0 22.333333333333332 10.0 21.90909090909091 9.0 21.12121212121212 
16.0 18.558823529411764 20.0 25.58823529411765 18.0 19.08823529411765 37.0 29.41176470588235 32.0 23.029411764705884 23.0 21.41176470588235 23.0 21.0 10.0 21.970588235294116 39.0 22.41176470588235 14.0 20.91176470588235 
19.0 18.571428571428573 26.0 25.6 12.0 18.885714285714286 23.0 29.228571428571428 13.0 22.742857142857144 11.0 21.114285714285714 18.0 20.914285714285715 20.0 21.914285714285715 10.0 22.057142857142857 24.0 21.0 
10.0 18.333333333333332 30.0 25.72222222222222 10.0 18.63888888888889 44.0 29.63888888888889 22.0 22.72222222222222 9.0 20.77777777777778 15.0 20.75 21.0 21.88888888888889 19.0 21.97222222222222 18.0 20.916666666666668 
8.0 18.054054054054053 33.0 25.91891891891892 11.0 18.43243243243243 17.0 29.2972972972973 27.0 22.83783783783784 10.0 20.486486486486488 10.0 20.45945945945946 13.0 21.64864864864865 14.0 21.756756756756758 9.0 20.594594594594593 
9.0 17.81578947368421 46.0 26.44736842105263 14.0 18.31578947368421 11.0 28.81578947368421 22.0 22.81578947368421 25.0 20.605263157894736 9.0 20.157894736842106 20.0 21.605263157894736 17.0 21.63157894736842 10.0 20.31578947368421 
18.0 17.82051282051282 77.0 27.743589743589745 11.0 18.128205128205128 22.0 28.641025641025642 43.0 23.333333333333332 12.0 20.384615384615383 24.0 20.256410256410255 23.0 21.641025641025642 11.0 21.358974358974358 14.0 20.153846153846153 
16.0 17.775 33.0 27.875 21.0 18.2 49.0 29.15 53.0 24.075 10.0 20.125 12.0 20.05 17.0 21.525 27.0 21.5 19.0 20.125 
16.0 17.73170731707317 54.0 28.51219512195122 11.0 18.024390243902438 29.0 29.146341463414632 36.0 24.365853658536587 14.0 19.975609756097562 16.0 19.951219512195124 15.0 21.365853658536587 15.0 21.341463414634145 12.0 19.926829268292682 
15.0 17.666666666666668 50.0 29.023809523809526 12.0 17.88095238095238 86.0 30.5 28.0 24.452380952380953 13.0 19.80952380952381 16.0 19.857142857142858 17.0 21.261904761904763 9.0 21.047619047619047 21.0 19.952380952380953 
15.0 17.6046511627907 49.0 29.488372093023255 9.0 17.674418604651162 12.0 30.069767441860463 74.0 25.6046511627907 11.0 19.6046511627907 13.0 19.697674418604652 15.0 21.11627906976744 10.0 20.790697674418606 19.0 19.930232558139537 
17.0 17.59090909090909 47.0 29.886363636363637 9.0 17.477272727272727 36.0 30.204545454545453 84.0 26.931818181818183 15.0 19.5 22.0 19.75 16.0 21.0 21.0 20.795454545454547 15.0 19.818181818181817 
11.0 17.444444444444443 112.0 31.711111111111112 11.0 17.333333333333332 50.0 30.644444444444446 22.0 26.822222222222223 12.0 19.333333333333332 9.0 19.511111111111113 17.0 20.91111111111111 12.0 20.6 20.0 19.822222222222223 
40.0 17.934782608695652 60.0 32.32608695652174 26.0 17.52173913043478 47.0 31.0 46.0 27.23913043478261 14.0 19.217391304347824 16.0 19.434782608695652 10.0 20.67391304347826 19.0 20.565217391304348 13.0 19.67391304347826 
13.0 17.829787234042552 68.0 33.08510638297872 18.0 17.53191489361702 86.0 32.170212765957444 35.0 27.404255319148938 12.0 19.06382978723404 20.0 19.4468085106383 24.0 20.74468085106383 19.0 20.53191489361702 9.0 19.4468085106383 
14.0 17.75 22.0 32.854166666666664 19.0 17.5625 48.0 32.5 17.0 27.1875 16.0 19.0 12.0 19.291666666666668 13.0 20.583333333333332 10.0 20.3125 24.0 19.541666666666668 
67.0 18.755102040816325 109.0 34.40816326530612 9.0 17.387755102040817 106.0 34.0 36.0 27.367346938775512 8.0 18.775510204081634 14.0 19.183673469387756 45.0 21.081632653061224 14.0 20.183673469387756 14.0 19.428571428571427 
9.0 18.56 42.0 34.56 19.0 17.42 70.0 34.72 28.0 27.38 11.0 18.62 26.0 19.32 23.0 21.12 14.0 20.06 13.0 19.3 
26.0 18.84 25.0 34.24 14.0 17.18 14.0 34.58 52.0 28.2 11.0 18.58 18.0 19.34 19.0 21.32 13.0 20.12 21.0 19.42 
18.0 18.96 45.0 34.48 10.0 17.02 19.0 33.62 23.0 28.2 28.0 18.9 14.0 19.36 46.0 21.8 9.0 20.02 26.0 19.66 
39.0 19.28 48.0 35.0 14.0 16.1 33.0 33.9 69.0 29.02 15.0 18.52 17.0 19.12 18.0 21.86 16.0 19.62 13.0 19.56 
9.0 18.76 34.0 35.0 12.0 16.14 14.0 33.78 43.0 29.48 10.0 18.48 13.0 19.08 11.0 21.82 13.0 18.74 30.0 19.8 
17.0 18.6 32.0 35.44 13.0 15.84 70.0 34.38 45.0 30.16 15.0 18.5 14.0 19.08 13.0 21.9 15.0 18.28 23.0 20.04 
13.0 18.58 129.0 37.76 11.0 15.48 65.0 35.22 73.0 31.34 10.0 18.44 18.0 18.28 18.0 21.8 22.0 18.36 9.0 19.84 
16.0 18.28 17.0 37.88 15.0 15.56 46.0 35.84 23.0 31.3 16.0 18.42 11.0 18.14 29.0 21.98 28.0 18.4 19.0 20.02 
10.0 18.18 49.0 38.24 11.0 15.52 13.0 35.7 65.0 31.64 19.0 18.52 21.0 17.76 11.0 21.74 24.0 17.92 22.0 19.88 
11.0 18.1 32.0 38.26 13.0 15.4 23.0 35.84 107.0 33.48 13.0 18.28 16.0 17.78 14.0 21.32 15.0 17.8 33.0 19.76 
16.0 18.0 31.0 38.6 13.0 15.22 45.0 36.5 60.0 34.28 20.0 17.96 19.0 17.96 18.0 21.46 17.0 17.6 11.0 19.4 
16.0 18.0 57.0 39.34 10.0 15.1 40.0 36.48 87.0 35.8 12.0 17.62 10.0 17.66 18.0 21.38 16.0 17.7 19.0 18.42 
8.0 17.96 35.0 39.72 22.0 15.06 30.0 36.48 49.0 36.36 10.0 17.5 12.0 17.72 29.0 21.5 12.0 17.1 45.0 18.72 
20.0 17.46 29.0 39.84 12.0 14.68 49.0 37.22 76.0 36.98 18.0 17.48 30.0 18.1 32.0 21.52 47.0 17.62 31.0 19.08 
10.0 17.38 55.0 40.58 12.0 14.66 37.0 37.3 76.0 38.2 12.0 17.5 17.0 17.98 18.0 21.42 13.0 17.7 51.0 19.74 
9.0 17.24 34.0 40.56 23.0 14.66 46.0 37.88 64.0 39.1 14.0 17.3 12.0 17.88 11.0 21.16 16.0 17.3 11.0 19.68 
12.0 17.14 19.0 40.52 12.0 14.64 37.0 38.22 141.0 41.46 23.0 17.38 12.0 17.62 13.0 20.98 17.0 17.36 17.0 19.6 
10.0 17.16 52.0 41.3 13.0 14.5 84.0 39.44 55.0 41.88 10.0 17.0 10.0 17.52 16.0 20.68 9.0 17.04 28.0 19.84 
17.0 17.2 35.0 41.52 13.0 14.52 34.0 39.28 18.0 41.5 9.0 16.82 12.0 17.32 43.0 21.26 17.0 17.18 13.0 19.46 
11.0 17.04 49.0 41.96 9.0 14.42 81.0 40.2 44.0 42.06 10.0 16.08 18.0 17.38 34.0 21.6 12.0 17.08 34.0 19.96 
10.0 16.8 32.0 41.94 12.0 14.46 18.0 39.78 65.0 42.66 11.0 15.62 13.0 17.22 38.0 21.1 12.0 16.16 14.0 19.88 
12.0 16.84 87.0 43.38 13.0 14.36 28.0 39.42 92.0 44.14 10.0 15.34 11.0 16.82 21.0 21.12 14.0 16.02 14.0 19.68 
8.0 16.76 53.0 43.68 14.0 14.22 43.0 38.82 147.0 46.66 17.0 14.84 10.0 16.46 18.0 20.86 33.0 16.36 23.0 19.5 
12.0 16.64 201.0 47.0 16.0 13.94 17.0 38.78 36.0 46.98 21.0 14.68 19.0 16.32 14.0 20.82 10.0 16.34 20.0 19.64 
11.0 16.64 43.0 47.22 8.0 13.78 26.0 38.86 164.0 49.66 13.0 14.48 11.0 16.14 20.0 20.86 12.0 16.4 16.0 19.58 
21.0 16.54 43.0 47.26 10.0 13.72 67.0 39.56 26.0 49.26 10.0 14.32 9.0 15.96 17.0 20.48 8.0 16.3 16.0 19.58 
10.0 15.98 88.0 48.64 19.0 13.82 109.0 40.94 158.0 52.14 17.0 14.2 12.0 16.0 48.0 21.18 12.0 16.38 12.0 19.42 
11.0 16.0 79.0 49.36 12.0 13.86 29.0 40.94 126.0 54.36 10.0 13.82 14.0 15.96 13.0 21.18 16.0 16.34 10.0 19.36 
9.0 15.98 109.0 51.08 17.0 13.72 93.0 42.46 44.0 54.86 14.0 13.78 13.0 15.58 13.0 21.18 12.0 16.22 27.0 19.6 
15.0 15.94 41.0 51.24 17.0 13.82 38.0 42.26 147.0 57.32 15.0 13.8 10.0 15.34 16.0 20.68 9.0 16.08 19.0 19.42 
13.0 15.5 37.0 51.56 10.0 13.72 45.0 42.7 68.0 58.12 11.0 13.78 16.0 15.0 12.0 20.48 13.0 16.06 21.0 19.3 
9.0 15.44 269.0 56.54 12.0 13.56 72.0 43.74 165.0 61.1 11.0 13.7 9.0 14.66 16.0 20.36 10.0 16.08 28.0 19.28 
12.0 15.4 85.0 57.94 12.0 13.5 58.0 44.38 84.0 62.5 11.0 13.68 13.0 14.76 19.0 20.46 10.0 15.84 20.0 19.46 
11.0 15.3 71.0 58.46 12.0 13.52 27.0 44.46 154.0 65.28 9.0 13.62 10.0 14.78 20.0 20.3 16.0 15.96 18.0 19.64 
11.0 15.2 147.0 61.0 11.0 13.38 49.0 44.7 83.0 66.3 11.0 13.38 10.0 14.52 28.0 20.66 8.0 15.34 13.0 19.62 
12.0 15.06 67.0 61.82 11.0 13.36 120.0 46.64 92.0 67.88 9.0 13.34 9.0 14.34 11.0 20.48 8.0 15.3 19.0 19.52 
12.0 15.1 55.0 62.32 19.0 13.54 41.0 46.58 37.0 68.18 10.0 13.36 9.0 14.22 32.0 20.7 10.0 15.12 28.0 19.72 
9.0 15.12 104.0 63.74 12.0 13.56 41.0 47.06 93.0 69.5 9.0 13.34 9.0 14.2 11.0 20.66 16.0 15.16 12.0 19.78 
9.0 15.12 55.0 63.92 15.0 13.58 62.0 48.08 157.0 72.2 13.0 13.1 16.0 14.34 14.0 20.54 11.0 15.04 17.0 19.92 
10.0 14.96 121.0 64.8 15.0 13.66 50.0 48.64 115.0 73.64 12.0 13.1 14.0 14.14 19.0 20.46 12.0 15.06 26.0 20.16 
10.0 14.84 58.0 65.3 23.0 13.7 39.0 48.44 83.0 74.24 14.0 13.18 11.0 14.12 10.0 20.32 9.0 14.7 19.0 20.16 
15.0 14.82 16.0 64.54 21.0 13.9 29.0 48.44 163.0 76.78 11.0 13.12 9.0 13.98 10.0 20.22 10.0 14.6 21.0 20.34 
8.0 14.68 35.0 64.24 21.0 14.08 91.0 48.54 163.0 79.48 13.0 13.12 10.0 13.86 16.0 20.2 8.0 14.58 18.0 20.28 
12.0 14.62 105.0 65.36 9.0 14.08 40.0 49.1 85.0 79.7 24.0 13.38 10.0 13.8 11.0 20.12 10.0 14.58 29.0 20.48 
10.0 14.48 129.0 67.0 14.0 14.18 84.0 50.06 128.0 80.58 12.0 13.32 10.0 13.56 23.0 20.26 18.0 14.52 13.0 20.44 
9.0 14.44 116.0 67.08 23.0 14.42 31.0 49.68 123.0 82.6 9.0 13.26 10.0 13.58 13.0 20.18 10.0 14.48 28.0 20.6 
9.0 13.82 111.0 68.1 16.0 14.22 167.0 52.08 145.0 84.58 10.0 13.18 10.0 13.46 18.0 20.34 12.0 14.34 30.0 20.94 
12.0 13.8 109.0 68.92 35.0 14.56 40.0 51.16 167.0 87.22 11.0 13.16 11.0 13.28 17.0 20.2 9.0 14.14 43.0 21.62 
12.0 13.76 120.0 70.88 19.0 14.56 145.0 53.1 48.0 87.84 10.0 13.04 10.0 13.24 13.0 20.2 10.0 14.14 54.0 22.22 
9.0 12.6 49.0 69.68 14.0 14.66 52.0 52.02 59.0 88.3 14.0 13.16 9.0 13.14 15.0 19.6 9.0 14.04 55.0 23.04 
9.0 12.6 127.0 71.38 13.0 14.54 65.0 51.92 93.0 89.6 10.0 13.14 10.0 12.82 11.0 19.36 12.0 14.0 29.0 23.36 
10.0 12.28 144.0 73.76 10.0 14.46 181.0 55.26 66.0 89.88 9.0 13.1 10.0 12.66 11.0 19.2 11.0 13.96 32.0 23.58 
9.0 12.1 159.0 76.04 18.0 14.62 31.0 55.5 66.0 90.74 14.0 12.82 12.0 12.62 28.0 18.84 11.0 14.0 49.0 24.04 
12.0 11.56 73.0 76.54 23.0 14.8 43.0 55.7 22.0 89.8 10.0 12.72 9.0 12.46 19.0 18.86 10.0 13.88 22.0 24.22 
10.0 11.58 280.0 81.46 25.0 15.06 156.0 58.54 129.0 91.52 10.0 12.72 11.0 12.42 15.0 18.94 10.0 13.82 25.0 24.12 
13.0 11.5 140.0 83.62 16.0 15.12 150.0 60.14 138.0 93.38 9.0 12.6 11.0 12.36 16.0 19.0 10.0 13.72 34.0 24.34 
9.0 11.42 127.0 83.58 10.0 15.1 105.0 60.94 201.0 95.94 8.0 12.56 15.0 12.3 14.0 18.92 10.0 13.48 36.0 24.88 
18.0 11.46 186.0 86.96 15.0 15.1 64.0 61.3 28.0 96.04 9.0 12.42 10.0 12.28 27.0 18.88 8.0 13.08 50.0 25.5 
10.0 11.46 65.0 87.28 12.0 15.12 148.0 64.0 177.0 98.28 12.0 12.28 8.0 12.02 19.0 19.04 13.0 12.86 33.0 25.72 
9.0 11.42 111.0 88.86 11.0 15.08 77.0 65.08 103.0 98.2 14.0 12.3 20.0 12.1 20.0 19.16 9.0 12.74 60.0 26.26 
10.0 11.3 208.0 92.4 14.0 15.1 30.0 64.78 136.0 99.72 8.0 12.06 15.0 12.02 11.0 19.02 9.0 12.58 38.0 26.8 
15.0 11.28 132.0 93.9 17.0 15.24 132.0 66.62 95.0 99.88 10.0 12.02 9.0 12.0 16.0 18.98 9.0 12.44 54.0 27.5 
10.0 11.32 48.0 94.16 12.0 15.04 17.0 66.36 91.0 100.72 12.0 12.06 10.0 11.96 9.0 18.58 10.0 12.4 63.0 27.86 
11.0 11.14 53.0 94.64 23.0 15.26 134.0 68.06 104.0 101.28 12.0 11.94 10.0 11.56 16.0 18.26 15.0 11.76 22.0 27.68 
10.0 11.14 232.0 98.18 23.0 15.48 120.0 69.72 69.0 101.14 10.0 11.9 10.0 11.42 21.0 18.32 15.0 11.8 66.0 27.98 
8.0 11.12 170.0 100.9 27.0 15.56 63.0 70.06 98.0 101.82 9.0 11.8 10.0 11.38 12.0 18.34 11.0 11.7 95.0 29.66 
11.0 11.1 243.0 105.38 15.0 15.62 58.0 70.48 381.0 106.62 10.0 11.54 9.0 11.32 13.0 18.34 9.0 11.54 20.0 29.72 
9.0 11.08 193.0 108.2 13.0 15.62 90.0 70.6 175.0 109.02 10.0 11.54 10.0 11.32 10.0 18.22 14.0 11.64 119.0 31.54 
9.0 10.92 336.0 114.22 14.0 15.64 66.0 71.24 102.0 110.7 10.0 11.56 11.0 11.3 14.0 17.64 10.0 11.5 47.0 32.22 
12.0 10.94 83.0 114.9 15.0 15.76 201.0 73.64 149.0 112.8 10.0 11.56 8.0 11.1 17.0 17.3 17.0 11.6 51.0 32.56 
18.0 11.1 255.0 119.36 8.0 15.68 113.0 75.54 83.0 113.16 9.0 11.52 10.0 11.04 31.0 17.16 14.0 11.64 33.0 32.94 
9.0 11.04 230.0 122.22 11.0 15.64 162.0 78.22 195.0 115.22 8.0 11.48 8.0 10.98 16.0 17.06 40.0 12.16 49.0 33.64 
12.0 11.12 138.0 123.92 12.0 15.6 83.0 79.02 185.0 115.98 10.0 11.34 9.0 10.96 14.0 16.98 13.0 11.76 42.0 34.02 
12.0 11.12 257.0 125.04 12.0 15.52 81.0 80.3 203.0 119.32 10.0 11.12 9.0 10.76 12.0 16.94 14.0 11.84 33.0 34.28 
9.0 11.08 109.0 126.36 18.0 15.72 53.0 80.84 159.0 119.22 10.0 11.06 11.0 10.76 19.0 16.92 10.0 11.8 36.0 34.68 
9.0 10.84 146.0 128.42 14.0 15.8 172.0 82.94 354.0 125.78 14.0 11.14 10.0 10.78 24.0 17.06 9.0 11.82 18.0 34.72 
9.0 10.82 150.0 129.66 21.0 15.84 143.0 83.62 128.0 125.18 8.0 10.96 9.0 10.72 27.0 16.64 14.0 11.86 54.0 35.56 
11.0 10.82 116.0 130.4 12.0 15.84 92.0 84.88 141.0 125.48 13.0 11.02 9.0 10.62 17.0 16.72 8.0 11.7 15.0 35.66 
28.0 11.2 147.0 131.16 13.0 15.76 169.0 86.4 58.0 125.76 8.0 10.9 9.0 10.54 14.0 16.74 10.0 11.66 18.0 35.48 
10.0 11.1 47.0 131.28 17.0 15.76 238.0 90.4 170.0 126.22 12.0 10.84 19.0 10.72 13.0 16.68 11.0 11.7 47.0 36.04 
11.0 11.06 62.0 131.78 13.0 15.82 152.0 92.54 131.0 127.48 9.0 10.8 8.0 10.56 30.0 17.04 11.0 11.66 88.0 37.38 
16.0 11.2 87.0 128.14 16.0 15.9 23.0 91.56 292.0 130.02 13.0 10.84 10.0 10.58 22.0 17.16 14.0 11.74 56.0 37.94 
11.0 11.18 36.0 127.16 18.0 16.02 54.0 91.48 173.0 131.8 10.0 10.82 8.0 10.48 12.0 17.02 14.0 11.82 67.0 38.88 
9.0 11.14 32.0 126.38 12.0 16.02 101.0 92.96 135.0 131.42 15.0 10.94 11.0 10.5 17.0 16.96 9.0 11.68 33.0 39.18 
10.0 11.12 43.0 124.3 13.0 16.06 87.0 93.72 244.0 134.64 11.0 10.94 9.0 10.48 10.0 16.6 9.0 11.7 45.0 39.82 
9.0 11.06 67.0 124.3 11.0 16.06 133.0 93.98 122.0 135.24 19.0 11.14 9.0 10.48 11.0 16.6 10.0 11.74 67.0 40.78 
10.0 11.02 68.0 124.56 10.0 15.88 53.0 94.22 269.0 139.88 10.0 11.14 12.0 10.54 15.0 16.26 9.0 11.72 61.0 41.44 
12.0 11.08 30.0 123.08 14.0 15.92 83.0 95.06 137.0 140.76 16.0 11.28 14.0 10.64 13.0 16.3 9.0 11.58 48.0 42.16 
12.0 11.14 80.0 123.58 17.0 15.96 79.0 95.4 308.0 143.78 9.0 11.2 10.0 10.52 11.0 16.24 12.0 11.6 37.0 42.56 
10.0 11.14 76.0 122.68 10.0 15.86 132.0 97.04 152.0 144.52 9.0 11.14 9.0 10.42 9.0 16.04 14.0 11.64 37.0 42.78 
11.0 11.16 86.0 123.24 11.0 15.62 31.0 96.88 173.0 146.32 13.0 11.12 9.0 10.38 11.0 16.06 11.0 11.68 53.0 43.46 
9.0 11.04 42.0 123.76 13.0 15.46 161.0 99.52 94.0 144.94 13.0 11.16 10.0 10.4 18.0 16.22 10.0 11.68 43.0 43.9 
10.0 11.08 40.0 123.86 12.0 15.28 58.0 98.86 222.0 146.12 16.0 11.22 16.0 10.52 12.0 16.14 11.0 11.74 34.0 44.22 
10.0 11.04 51.0 122.78 14.0 15.38 64.0 99.34 223.0 148.88 10.0 10.94 8.0 10.48 12.0 16.16 12.0 11.78 226.0 48.16 
14.0 11.12 52.0 121.24 14.0 15.38 189.0 101.44 190.0 150.12 14.0 10.98 9.0 10.46 10.0 15.9 10.0 11.62 49.0 48.88 
13.0 11.2 31.0 119.54 21.0 15.34 45.0 101.72 271.0 153.08 10.0 11.0 9.0 10.44 11.0 15.86 11.0 11.64 39.0 49.1 
10.0 11.22 40.0 118.12 13.0 15.28 90.0 100.18 343.0 157.04 12.0 11.04 10.0 10.44 11.0 15.72 10.0 11.6 98.0 50.46 
11.0 11.2 55.0 117.04 11.0 14.8 157.0 102.52 215.0 158.0 11.0 11.04 10.0 10.42 11.0 15.6 11.0 11.64 88.0 51.36 
9.0 11.14 19.0 115.02 14.0 14.7 137.0 102.36 179.0 160.62 12.0 11.08 9.0 10.4 11.0 15.56 15.0 11.74 100.0 52.28 
10.0 11.16 36.0 114.76 13.0 14.68 78.0 102.88 91.0 161.26 13.0 11.06 10.0 10.42 10.0 15.46 15.0 11.86 93.0 53.04 
10.0 11.18 45.0 113.12 13.0 14.68 189.0 105.36 213.0 163.66 13.0 11.12 10.0 10.42 15.0 15.54 8.0 11.78 35.0 53.16 
10.0 11.18 36.0 110.96 11.0 14.7 115.0 104.04 186.0 166.06 13.0 11.2 16.0 10.54 11.0 15.54 9.0 11.74 84.0 54.2 
9.0 11.18 50.0 108.78 24.0 14.82 241.0 108.24 318.0 171.1 9.0 11.1 9.0 10.48 10.0 15.18 9.0 11.7 109.0 55.4 
14.0 11.22 40.0 108.12 13.0 14.62 286.0 113.1 251.0 175.68 17.0 11.24 9.0 10.48 10.0 15.0 10.0 11.7 111.0 57.18 
16.0 11.34 20.0 102.92 24.0 14.6 108.0 112.14 237.0 177.84 18.0 11.4 9.0 10.44 15.0 15.0 9.0 11.68 156.0 59.8 
9.0 11.26 69.0 101.5 13.0 14.54 110.0 111.34 500.0 185.08 9.0 11.4 10.0 10.42 11.0 14.9 13.0 11.74 46.0 60.04 
18.0 11.44 38.0 99.72 14.0 14.62 159.0 112.42 500.0 191.06 9.0 11.42 9.0 10.3 10.0 14.82 15.0 11.84 63.0 60.58 
10.0 11.28 37.0 96.74 11.0 14.54 356.0 118.26 383.0 198.16 12.0 11.48 9.0 10.28 15.0 14.58 19.0 12.06 139.0 62.36 
16.0 11.4 74.0 96.92 15.0 14.6 119.0 117.68 500.0 204.62 12.0 11.48 10.0 10.32 9.0 14.38 9.0 11.98 177.0 65.24 
15.0 11.52 68.0 96.06 16.0 14.7 233.0 120.8 198.0 206.52 11.0 11.42 9.0 10.1 9.0 14.16 10.0 12.0 128.0 66.6 
10.0 11.52 59.0 93.08 14.0 14.7 99.0 122.18 179.0 207.38 11.0 11.48 10.0 10.0 9.0 14.12 17.0 12.16 30.0 66.44 
13.0 11.48 48.0 91.4 12.0 14.6 123.0 122.0 102.0 207.52 9.0 11.46 8.0 9.98 11.0 14.02 15.0 12.28 139.0 68.14 
8.0 11.44 58.0 91.6 17.0 14.7 275.0 127.16 248.0 210.66 12.0 11.46 10.0 9.98 13.0 14.1 15.0 12.38 257.0 72.02 
10.0 11.42 59.0 91.72 15.0 14.54 158.0 127.64 272.0 214.02 8.0 11.38 9.0 9.96 12.0 14.02 15.0 12.38 45.0 72.48 
8.0 11.38 87.0 88.82 12.0 14.32 87.0 126.98 83.0 214.3 11.0 11.4 8.0 9.92 11.0 13.82 9.0 12.26 114.0 73.44 
10.0 11.42 117.0 87.76 12.0 14.02 100.0 127.72 238.0 217.1 11.0 11.44 9.0 9.9 11.0 13.8 12.0 12.28 248.0 76.5 
10.0 11.4 120.0 85.3 27.0 14.26 130.0 129.16 297.0 215.42 12.0 11.48 13.0 9.98 11.0 13.76 14.0 12.38 131.0 78.72 
11.0 11.44 116.0 83.76 15.0 14.3 254.0 132.44 311.0 218.14 15.0 11.58 10.0 9.98 10.0 13.76 11.0 12.32 111.0 78.56 
9.0 11.44 219.0 81.42 18.0 14.38 124.0 133.6 157.0 219.24 12.0 11.62 11.0 9.98 13.0 13.74 13.0 12.38 235.0 82.32 
12.0 11.44 165.0 83.06 14.0 14.36 143.0 132.44 214.0 220.54 12.0 11.66 9.0 10.0 13.0 13.66 11.0 12.26 96.0 83.22 
12.0 11.32 207.0 82.1 15.0 14.5 183.0 133.84 213.0 223.14 13.0 11.74 10.0 10.0 15.0 13.34 12.0 12.22 162.0 85.8 
12.0 11.38 196.0 81.42 13.0 14.54 199.0 134.58 150.0 222.24 20.0 11.98 9.0 10.02 17.0 13.36 20.0 11.82 176.0 88.34 
10.0 11.34 236.0 83.38 17.0 14.64 331.0 139.54 172.0 221.98 9.0 11.96 12.0 10.08 17.0 13.42 15.0 11.86 56.0 88.62 
13.0 11.36 335.0 84.94 17.0 14.74 495.0 147.82 309.0 224.1 10.0 11.96 8.0 10.06 12.0 13.42 13.0 11.84 26.0 88.48 
31.0 11.8 420.0 91.16 12.0 14.62 205.0 150.86 142.0 223.76 10.0 11.96 13.0 10.1 10.0 13.24 8.0 11.8 110.0 89.96 
23.0 12.08 391.0 96.06 12.0 14.58 186.0 151.14 144.0 219.56 11.0 11.9 9.0 10.08 11.0 12.98 18.0 11.98 36.0 90.32 
15.0 12.2 247.0 98.0 23.0 14.62 237.0 153.02 246.0 221.92 15.0 12.04 9.0 10.08 8.0 12.6 11.0 11.92 70.0 90.64 
13.0 12.24 192.0 99.52 15.0 14.68 245.0 156.08 225.0 223.6 10.0 11.98 8.0 10.06 10.0 12.46 14.0 12.04 82.0 91.98 
15.0 11.98 315.0 102.88 14.0 14.7 243.0 157.56 137.0 225.18 9.0 12.0 10.0 10.08 10.0 12.38 12.0 12.08 55.0 92.72 
9.0 11.96 252.0 106.98 20.0 14.76 258.0 157.96 117.0 224.12 10.0 11.96 10.0 9.9 13.0 12.38 12.0 12.1 138.0 94.54 
10.0 11.94 179.0 109.32 9.0 14.68 153.0 157.98 149.0 224.48 10.0 11.98 12.0 9.98 10.0 11.98 9.0 12.06 133.0 95.44 
9.0 11.8 236.0 112.3 10.0 14.56 370.0 164.92 225.0 223.14 9.0 11.9 9.0 9.96 13.0 11.8 13.0 12.04 230.0 98.92 
10.0 11.78 196.0 115.5 19.0 14.58 163.0 167.1 132.0 222.32 11.0 11.92 10.0 10.0 9.0 11.74 10.0 11.96 184.0 101.26 
10.0 11.8 152.0 117.9 16.0 14.66 461.0 174.3 129.0 222.2 18.0 11.98 9.0 9.96 8.0 11.56 9.0 11.96 86.0 102.32 
12.0 11.84 97.0 118.98 17.0 14.74 194.0 176.44 95.0 219.22 12.0 12.0 15.0 10.08 16.0 11.68 10.0 11.98 134.0 104.1 
20.0 12.06 163.0 120.9 14.0 14.8 163.0 177.04 129.0 219.36 12.0 11.86 10.0 10.1 17.0 11.8 12.0 12.02 110.0 104.96 
9.0 12.04 75.0 121.04 15.0 14.9 166.0 179.3 235.0 218.68 8.0 11.82 9.0 10.04 15.0 11.8 9.0 12.02 97.0 105.68 
15.0 12.1 150.0 123.44 14.0 14.9 160.0 180.84 169.0 219.32 11.0 11.72 11.0 9.98 9.0 11.72 12.0 12.08 187.0 108.46 
10.0 12.06 109.0 124.02 15.0 14.86 254.0 184.34 147.0 216.1 10.0 11.74 11.0 10.0 10.0 11.7 18.0 12.2 169.0 111.1 
14.0 12.14 218.0 126.86 12.0 14.9 209.0 185.88 158.0 216.22 13.0 11.82 15.0 10.12 11.0 11.74 17.0 12.26 162.0 113.6 
16.0 12.24 163.0 128.4 25.0 15.18 129.0 187.84 274.0 218.24 8.0 11.72 12.0 10.18 9.0 11.7 9.0 12.22 201.0 116.56 
10.0 12.26 120.0 129.96 10.0 15.12 173.0 188.08 144.0 219.24 9.0 11.64 11.0 10.2 8.0 11.5 11.0 12.24 123.0 118.16 
20.0 12.46 113.0 131.42 14.0 15.16 114.0 189.2 117.0 217.14 12.0 11.56 10.0 10.08 13.0 11.52 11.0 12.24 167.0 120.82 
16.0 12.58 106.0 132.52 15.0 15.18 226.0 192.44 143.0 215.54 11.0 11.58 10.0 10.12 10.0 11.48 10.0 12.2 160.0 119.5 
15.0 12.6 212.0 135.72 12.0 15.14 276.0 194.18 132.0 214.38 11.0 11.52 8.0 10.1 8.0 11.44 10.0 12.2 163.0 121.78 
15.0 12.64 140.0 137.9 11.0 14.94 155.0 196.38 148.0 211.92 12.0 11.56 9.0 10.1 11.0 11.44 10.0 12.18 173.0 124.46 
14.0 12.72 142.0 139.94 18.0 15.04 142.0 197.42 127.0 207.6 9.0 11.5 11.0 10.12 11.0 11.44 13.0 12.24 128.0 125.06 
30.0 13.1 141.0 141.66 19.0 15.2 172.0 197.72 177.0 206.84 15.0 11.58 10.0 10.12 10.0 11.42 10.0 12.22 138.0 126.06 
11.0 13.14 234.0 145.96 13.0 15.18 500.0 204.98 163.0 206.52 12.0 11.58 10.0 10.14 10.0 11.4 10.0 12.12 262.0 129.3 
16.0 13.26 161.0 148.46 26.0 15.44 212.0 207.66 123.0 207.16 14.0 11.6 11.0 10.16 10.0 11.4 9.0 12.0 21.0 127.86 
15.0 13.36 183.0 151.22 20.0 15.58 287.0 209.62 204.0 206.98 12.0 11.58 14.0 10.24 12.0 11.34 10.0 12.04 146.0 130.08 
14.0 13.44 297.0 156.44 12.0 15.6 195.0 211.22 214.0 207.54 13.0 11.58 14.0 10.2 10.0 11.32 9.0 12.04 37.0 129.14 
12.0 13.5 276.0 160.96 14.0 15.4 267.0 211.74 125.0 203.68 11.0 11.62 16.0 10.34 9.0 11.3 13.0 12.12 131.0 129.58 
14.0 13.5 249.0 165.14 12.0 15.38 226.0 210.54 155.0 201.76 16.0 11.6 9.0 10.34 13.0 11.36 11.0 12.14 27.0 127.9 
10.0 13.38 258.0 169.9 16.0 15.22 252.0 213.42 327.0 203.56 11.0 11.46 10.0 10.36 16.0 11.38 13.0 12.22 55.0 125.88 
13.0 13.46 291.0 174.34 16.0 15.28 157.0 214.36 148.0 196.52 11.0 11.5 9.0 10.34 12.0 11.4 10.0 12.16 131.0 127.58 
31.0 13.72 220.0 177.98 10.0 15.2 119.0 213.56 207.0 190.66 13.0 11.58 11.0 10.38 10.0 11.4 8.0 12.02 167.0 129.66 
11.0 13.74 315.0 183.54 14.0 15.26 253.0 211.5 238.0 187.76 9.0 11.52 11.0 10.42 9.0 11.28 10.0 11.84 199.0 130.86 
15.0 13.72 242.0 186.9 18.0 15.32 123.0 211.58 167.0 181.1 9.0 11.46 10.0 10.42 15.0 11.4 10.0 11.86 137.0 130.06 
10.0 13.62 308.0 191.7 23.0 15.46 176.0 210.44 310.0 183.34 9.0 11.42 10.0 10.44 10.0 11.42 15.0 11.96 175.0 131.0 
12.0 13.66 360.0 197.72 22.0 15.62 151.0 211.48 198.0 183.72 10.0 11.4 9.0 10.42 8.0 11.4 12.0 11.86 97.0 132.34 
16.0 13.72 323.0 203.22 24.0 15.86 351.0 216.04 163.0 184.94 9.0 11.4 10.0 10.46 8.0 11.34 10.0 11.76 105.0 131.66 
13.0 13.82 364.0 209.34 20.0 15.92 176.0 214.06 159.0 183.16 13.0 11.42 9.0 10.44 10.0 11.28 8.0 11.62 46.0 127.44 
12.0 13.86 500.0 218.16 15.0 15.92 469.0 220.28 265.0 183.02 12.0 11.5 10.0 10.46 10.0 11.24 12.0 11.56 251.0 131.56 
13.0 13.96 156.0 219.54 18.0 16.04 189.0 222.32 188.0 185.12 9.0 11.46 10.0 10.5 9.0 11.2 10.0 11.58 157.0 132.42 
13.0 14.02 161.0 220.42 15.0 16.1 500.0 230.32 272.0 185.8 13.0 11.5 10.0 10.52 10.0 11.18 9.0 11.52 186.0 131.18 
9.0 14.0 222.0 222.46 17.0 15.9 393.0 235.58 445.0 188.76 9.0 11.44 9.0 10.44 10.0 11.16 9.0 11.42 294.0 134.44 
12.0 14.02 423.0 228.6 16.0 15.92 190.0 234.3 267.0 187.88 11.0 11.36 12.0 10.48 10.0 11.16 10.0 11.4 335.0 138.92 
14.0 14.12 333.0 230.88 20.0 15.96 224.0 236.3 318.0 191.1 12.0 11.36 9.0 10.44 9.0 11.08 10.0 11.34 321.0 140.64 
16.0 14.2 229.0 232.16 18.0 16.04 217.0 237.78 337.0 193.56 8.0 11.28 8.0 10.42 12.0 11.06 9.0 11.3 500.0 148.72 
10.0 14.16 137.0 230.76 24.0 16.22 243.0 238.98 486.0 199.02 10.0 11.22 10.0 10.42 10.0 10.96 9.0 11.24 445.0 154.38 
12.0 14.16 217.0 231.18 24.0 16.44 110.0 237.2 437.0 204.76 9.0 11.0 8.0 10.4 9.0 10.8 9.0 11.02 149.0 153.84 
10.0 14.16 392.0 234.3 16.0 16.42 134.0 233.26 431.0 209.94 11.0 11.04 10.0 10.36 9.0 10.64 9.0 10.9 151.0 155.74 
10.0 14.1 456.0 236.72 26.0 16.6 148.0 226.32 500.0 213.76 16.0 11.16 9.0 10.38 11.0 10.62 11.0 10.86 383.0 162.88 
9.0 13.66 363.0 235.58 10.0 16.56 226.0 226.74 500.0 220.92 16.0 11.28 10.0 10.32 9.0 10.6 9.0 10.88 449.0 169.66 
13.0 13.46 300.0 233.76 22.0 16.76 270.0 228.42 83.0 219.7 10.0 11.26 10.0 10.34 9.0 10.56 10.0 10.72 339.0 175.72 
11.0 13.38 341.0 235.64 16.0 16.62 135.0 226.38 306.0 220.9 10.0 11.16 9.0 10.34 18.0 10.76 9.0 10.68 268.0 179.68 
11.0 13.34 250.0 236.8 10.0 16.52 206.0 225.6 256.0 221.52 9.0 11.14 9.0 10.36 20.0 10.96 8.0 10.56 208.0 182.2 
9.0 13.22 347.0 237.44 16.0 16.56 172.0 224.18 287.0 224.52 12.0 11.2 11.0 10.38 16.0 11.08 10.0 10.52 216.0 185.42 
9.0 13.22 316.0 238.72 13.0 16.42 235.0 223.72 407.0 230.32 9.0 11.18 12.0 10.42 9.0 11.0 8.0 10.44 500.0 192.66 
9.0 13.2 423.0 243.6 17.0 16.58 189.0 224.44 350.0 234.34 10.0 11.18 15.0 10.48 21.0 11.22 10.0 10.46 187.0 193.74 
10.0 13.22 353.0 245.94 15.0 16.68 355.0 224.14 331.0 236.46 8.0 11.16 10.0 10.5 11.0 11.18 10.0 10.4 460.0 198.34 
9.0 13.2 338.0 248.78 19.0 16.68 213.0 225.14 343.0 240.68 9.0 11.12 12.0 10.54 8.0 11.16 10.0 10.4 200.0 198.66 
10.0 13.2 367.0 253.08 27.0 16.9 238.0 220.68 321.0 244.52 10.0 10.96 10.0 10.56 12.0 11.24 8.0 10.38 285.0 202.64 
9.0 13.14 222.0 255.58 12.0 16.8 139.0 219.58 214.0 246.9 10.0 10.92 11.0 10.48 33.0 11.58 10.0 10.38 327.0 206.5 
10.0 12.94 500.0 262.32 17.0 16.86 140.0 219.12 287.0 250.06 8.0 10.84 9.0 10.46 18.0 11.6 9.0 10.32 253.0 209.36 
12.0 13.0 223.0 265.28 18.0 16.92 313.0 222.06 351.0 252.38 13.0 10.94 8.0 10.44 12.0 11.54 9.0 10.32 422.0 215.86 
15.0 13.0 435.0 270.98 29.0 17.22 181.0 222.48 260.0 254.2 9.0 10.9 10.0 10.42 9.0 11.54 13.0 10.34 177.0 215.66 
14.0 13.08 500.0 278.8 15.0 17.22 259.0 222.58 263.0 256.52 11.0 10.92 8.0 10.36 11.0 11.56 9.0 10.16 140.0 215.08 
12.0 13.04 472.0 283.88 14.0 17.26 283.0 224.06 500.0 263.36 10.0 10.86 11.0 10.28 13.0 11.6 9.0 10.0 163.0 215.1 
11.0 12.94 500.0 290.62 17.0 17.1 266.0 226.8 241.0 262.7 11.0 10.92 13.0 10.3 18.0 11.78 10.0 10.02 155.0 214.18 
12.0 12.98 284.0 293.9 14.0 17.18 206.0 227.46 336.0 266.54 9.0 10.92 13.0 10.34 10.0 11.82 12.0 10.04 151.0 214.74 
13.0 12.84 500.0 301.64 13.0 17.16 290.0 230.98 298.0 270.16 10.0 10.88 9.0 10.32 19.0 11.94 10.0 10.02 130.0 214.0 
9.0 12.7 387.0 307.26 19.0 17.24 100.0 228.46 500.0 277.3 12.0 10.9 10.0 10.32 15.0 12.04 11.0 10.04 143.0 213.66 
10.0 12.6 500.0 313.02 15.0 17.3 255.0 228.04 406.0 282.78 9.0 10.86 10.0 10.36 13.0 12.14 8.0 10.0 163.0 213.66 
10.0 12.5 500.0 320.22 14.0 17.36 179.0 228.52 85.0 281.52 8.0 10.78 9.0 10.36 10.0 12.12 11.0 10.02 154.0 213.28 
10.0 12.42 500.0 327.38 15.0 17.3 229.0 230.26 308.0 285.14 9.0 10.78 9.0 10.32 16.0 12.22 9.0 9.94 35.0 211.42 
11.0 12.04 500.0 334.56 19.0 17.3 278.0 232.38 266.0 286.92 10.0 10.68 12.0 10.36 13.0 12.28 9.0 9.92 103.0 210.72 
12.0 12.06 370.0 337.28 21.0 17.46 249.0 227.36 500.0 293.66 10.0 10.64 11.0 10.38 8.0 12.24 12.0 9.96 57.0 206.62 
11.0 11.96 160.0 337.26 12.0 17.18 278.0 228.68 409.0 299.38 10.0 10.56 10.0 10.36 8.0 12.2 10.0 9.98 118.0 208.56 
10.0 11.86 382.0 341.24 10.0 16.98 295.0 228.84 126.0 297.82 9.0 10.5 10.0 10.28 24.0 12.44 10.0 9.98 60.0 206.84 
13.0 11.84 296.0 341.22 14.0 17.02 227.0 229.48 356.0 300.66 9.0 10.42 9.0 10.18 12.0 12.48 12.0 10.04 107.0 208.24 
11.0 11.82 315.0 342.0 23.0 17.2 192.0 227.98 500.0 308.16 12.0 10.44 10.0 10.06 10.0 12.5 10.0 9.98 135.0 208.32 
10.0 11.74 288.0 342.78 22.0 17.4 275.0 228.96 246.0 309.98 8.0 10.28 12.0 10.12 13.0 12.5 9.0 9.94 127.0 210.32 
10.0 11.74 138.0 340.38 12.0 17.32 364.0 231.2 202.0 307.48 9.0 10.24 9.0 10.1 19.0 12.56 14.0 9.96 38.0 209.98 
9.0 11.66 266.0 339.88 16.0 17.32 298.0 234.02 350.0 311.52 10.0 10.22 10.0 10.12 9.0 12.5 8.0 9.92 137.0 210.1 
10.0 11.24 310.0 341.68 15.0 17.42 190.0 235.44 280.0 312.98 10.0 10.16 9.0 10.08 8.0 12.46 10.0 9.96 140.0 209.56 
11.0 11.24 308.0 341.54 19.0 17.52 229.0 234.96 258.0 313.38 9.0 10.16 10.0 10.06 22.0 12.72 8.0 9.92 109.0 207.76 
12.0 11.18 323.0 343.16 14.0 17.44 178.0 236.06 381.0 317.66 13.0 10.24 9.0 10.04 9.0 12.6 9.0 9.9 126.0 207.54 
10.0 11.18 421.0 345.42 13.0 17.24 324.0 239.02 169.0 314.84 10.0 10.26 12.0 10.08 12.0 12.64 12.0 9.84 136.0 206.76 
9.0 11.12 500.0 348.22 15.0 17.1 164.0 239.28 228.0 315.44 11.0 10.28 9.0 10.08 12.0 12.72 12.0 9.84 108.0 206.98 
10.0 11.0 500.0 351.76 11.0 16.84 293.0 238.12 302.0 318.22 12.0 10.34 8.0 10.04 14.0 12.84 15.0 9.94 90.0 206.68 
9.0 10.92 267.0 349.82 19.0 16.82 373.0 242.06 192.0 318.88 9.0 10.26 10.0 10.06 12.0 12.88 10.0 9.98 129.0 208.34 
9.0 10.86 306.0 345.94 27.0 17.06 274.0 238.16 189.0 317.36 10.0 10.22 9.0 10.04 10.0 12.88 11.0 9.96 122.0 205.76 
12.0 10.84 458.0 351.98 12.0 16.94 270.0 239.78 254.0 318.68 16.0 10.36 9.0 10.02 11.0 12.92 10.0 9.96 114.0 204.9 
13.0 10.84 226.0 353.28 22.0 17.08 332.0 236.42 445.0 322.14 10.0 10.3 12.0 10.06 13.0 12.98 9.0 9.96 144.0 204.06 
10.0 10.86 500.0 358.84 19.0 17.12 339.0 235.34 306.0 319.36 10.0 10.32 9.0 10.06 10.0 12.98 8.0 9.94 111.0 200.4 
10.0 10.82 500.0 360.38 31.0 17.42 325.0 238.04 165.0 317.32 9.0 10.28 11.0 10.04 24.0 13.26 10.0 9.94 173.0 197.16 
9.0 10.72 500.0 363.72 15.0 17.32 413.0 241.82 285.0 316.66 17.0 10.38 9.0 10.04 20.0 13.48 12.0 9.98 38.0 191.5 
10.0 10.6 500.0 369.14 11.0 17.18 248.0 242.44 263.0 315.18 9.0 10.4 10.0 10.08 8.0 13.4 10.0 10.0 200.0 185.5 
8.0 10.56 408.0 374.56 24.0 17.18 73.0 239.04 461.0 314.68 11.0 10.42 10.0 10.08 27.0 13.74 10.0 10.02 116.0 178.92 
12.0 10.56 500.0 380.22 13.0 16.96 237.0 241.58 500.0 315.94 12.0 10.48 9.0 10.1 12.0 13.8 11.0 10.06 197.0 179.88 
8.0 10.52 386.0 380.1 15.0 16.94 273.0 244.36 256.0 312.44 9.0 10.44 9.0 10.08 11.0 13.84 8.0 10.04 223.0 181.32 
8.0 10.48 500.0 380.98 21.0 16.84 66.0 242.72 291.0 308.26 9.0 10.3 9.0 10.08 22.0 14.06 13.0 10.08 140.0 176.46 
10.0 10.5 187.0 377.46 12.0 16.88 314.0 244.48 216.0 302.58 11.0 10.2 9.0 10.06 18.0 14.24 11.0 10.12 165.0 170.78 
12.0 10.48 311.0 377.68 10.0 16.64 233.0 243.74 298.0 306.88 10.0 10.2 17.0 10.2 14.0 14.34 13.0 10.18 31.0 164.62 
9.0 10.44 259.0 376.04 18.0 16.68 214.0 245.32 157.0 303.9 10.0 10.2 10.0 10.22 18.0 14.34 8.0 10.16 261.0 164.48 
9.0 10.4 302.0 377.08 17.0 16.82 265.0 246.5 178.0 302.34 10.0 10.22 10.0 10.24 15.0 14.24 10.0 10.2 242.0 165.16 
9.0 10.4 190.0 373.94 19.0 16.88 260.0 248.26 224.0 301.08 11.0 10.2 8.0 10.18 17.0 14.26 11.0 10.22 452.0 169.88 
10.0 10.42 262.0 372.86 24.0 17.1 228.0 248.12 197.0 296.88 10.0 10.22 10.0 10.14 16.0 14.4 13.0 10.32 193.0 163.74 
9.0 10.42 254.0 369.48 15.0 17.06 288.0 250.1 196.0 293.8 10.0 10.22 9.0 10.02 17.0 14.32 10.0 10.32 218.0 164.36 
10.0 10.42 280.0 368.02 20.0 17.16 279.0 248.58 214.0 291.46 10.0 10.26 13.0 10.08 15.0 14.4 9.0 10.3 294.0 161.04 
11.0 10.46 249.0 366.24 11.0 17.0 96.0 246.24 123.0 287.06 10.0 10.28 8.0 10.0 19.0 14.62 8.0 10.26 103.0 159.1 
10.0 10.46 135.0 361.6 16.0 16.78 225.0 245.98 213.0 284.9 9.0 10.26 10.0 10.0 9.0 14.56 15.0 10.4 95.0 155.3 
10.0 10.48 245.0 362.06 12.0 16.78 204.0 247.28 200.0 284.62 9.0 10.24 8.0 9.94 12.0 14.14 9.0 10.38 324.0 155.24 
10.0 10.48 176.0 355.58 13.0 16.7 208.0 248.64 293.0 284.74 8.0 10.24 9.0 9.94 13.0 14.04 8.0 10.36 310.0 156.38 
10.0 10.44 252.0 356.16 12.0 16.58 143.0 245.24 211.0 281.94 9.0 10.16 10.0 9.98 10.0 14.0 9.0 10.36 234.0 152.62 
8.0 10.3 133.0 350.12 29.0 16.58 231.0 246.24 236.0 281.46 9.0 10.16 14.0 10.06 18.0 14.18 8.0 10.26 470.0 158.48 
8.0 10.18 230.0 344.72 20.0 16.68 113.0 243.32 275.0 281.7 10.0 10.14 10.0 10.1 27.0 14.5 10.0 10.28 293.0 161.54 
12.0 10.18 110.0 337.48 16.0 16.72 185.0 241.36 222.0 276.14 8.0 10.1 9.0 10.06 27.0 14.78 10.0 10.3 62.0 159.52 
9.0 10.14 141.0 330.3 17.0 16.72 210.0 240.24 207.0 275.46 9.0 10.06 9.0 9.98 8.0 14.58 12.0 10.34 277.0 161.96 
14.0 10.18 149.0 327.6 25.0 16.94 210.0 240.32 319.0 275.12 8.0 10.04 12.0 9.96 11.0 14.6 9.0 10.28 151.0 161.96 
10.0 10.12 126.0 320.12 19.0 17.06 160.0 237.72 468.0 278.52 9.0 10.02 9.0 9.96 11.0 14.44 10.0 10.28 140.0 162.16 
15.0 10.24 188.0 316.14 23.0 17.14 206.0 239.84 198.0 272.48 10.0 9.98 9.0 9.94 19.0 14.52 9.0 10.24 290.0 165.1 
10.0 10.24 151.0 309.16 22.0 17.28 200.0 238.74 268.0 269.72 10.0 10.0 8.0 9.9 15.0 14.56 10.0 10.28 228.0 166.4 
9.0 10.22 315.0 305.46 23.0 17.46 58.0 236.32 500.0 278.02 10.0 10.04 8.0 9.88 22.0 14.8 10.0 10.26 243.0 168.18 
10.0 10.22 137.0 298.2 13.0 17.42 129.0 234.32 495.0 281.76 8.0 10.02 9.0 9.88 10.0 14.68 10.0 10.28 145.0 170.38 
9.0 10.18 207.0 292.34 20.0 17.44 231.0 233.38 236.0 281.16 10.0 10.02 15.0 9.94 13.0 14.68 10.0 10.3 405.0 176.42 
10.0 10.14 173.0 288.4 19.0 17.4 321.0 234.82 289.0 276.94 13.0 10.08 8.0 9.88 10.0 14.72 10.0 10.26 449.0 184.26 
9.0 10.1 244.0 290.08 16.0 17.48 101.0 231.28 378.0 276.32 10.0 10.08 10.0 9.88 10.0 14.76 10.0 10.26 334.0 188.58 
14.0 10.18 128.0 285.0 28.0 17.84 152.0 228.42 500.0 283.8 13.0 10.16 10.0 9.88 12.0 14.52 10.0 10.26 67.0 188.72 
13.0 10.18 176.0 282.6 23.0 18.02 324.0 230.36 500.0 286.68 9.0 10.16 8.0 9.86 15.0 14.58 9.0 10.2 222.0 191.02 
9.0 10.14 155.0 279.4 23.0 18.02 466.0 235.84 500.0 286.68 9.0 10.1 10.0 9.86 10.0 14.58 11.0 10.22 252.0 193.36 
10.0 10.14 165.0 276.94 29.0 18.16 368.0 237.7 500.0 291.76 9.0 10.12 10.0 9.82 13.0 14.58 10.0 10.24 212.0 195.06 
9.0 10.12 146.0 277.1 15.0 18.22 153.0 233.48 500.0 297.72 11.0 10.16 10.0 9.84 15.0 14.5 12.0 10.2 258.0 199.46 
8.0 10.1 107.0 273.92 28.0 18.46 500.0 237.52 445.0 299.62 9.0 10.14 8.0 9.8 10.0 14.52 9.0 10.22 158.0 199.88 
10.0 10.1 118.0 270.08 19.0 18.54 232.0 238.36 329.0 300.6 9.0 10.12 9.0 9.8 12.0 14.6 9.0 10.2 199.0 201.06 
10.0 10.08 134.0 266.6 22.0 18.6 194.0 237.66 500.0 305.44 11.0 10.16 9.0 9.78 10.0 14.36 10.0 10.24 225.0 203.38 
9.0 10.02 122.0 262.58 25.0 18.82 278.0 239.66 449.0 306.8 10.0 10.1 9.0 9.78 14.0 14.46 10.0 10.26 224.0 205.34 
10.0 10.02 74.0 255.64 10.0 18.76 500.0 243.18 397.0 311.36 8.0 10.06 10.0 9.74 14.0 14.5 9.0 10.2 249.0 207.6 
9.0 10.02 94.0 247.52 19.0 18.84 233.0 244.56 461.0 316.02 9.0 10.02 10.0 9.76 17.0 14.6 10.0 10.16 305.0 211.54 
10.0 10.02 82.0 239.16 13.0 18.88 81.0 240.32 500.0 319.98 10.0 9.98 9.0 9.78 16.0 14.64 10.0 10.06 259.0 214.92 
10.0 10.04 110.0 236.02 15.0 18.8 232.0 237.5 296.0 322.06 10.0 10.0 9.0 9.76 21.0 14.82 10.0 10.06 246.0 217.26 
13.0 10.12 90.0 231.7 31.0 18.88 500.0 242.02 445.0 327.18 9.0 9.98 10.0 9.78 12.0 14.86 9.0 10.02 240.0 219.62 
9.0 10.06 102.0 224.58 14.0 18.92 219.0 241.0 500.0 332.1 12.0 9.9 13.0 9.86 11.0 14.86 9.0 10.0 339.0 224.12 
9.0 9.98 142.0 222.9 21.0 18.9 257.0 239.5 280.0 328.8 12.0 9.94 11.0 9.84 10.0 14.8 9.0 10.0 347.0 228.18 
11.0 10.0 130.0 215.5 21.0 18.94 428.0 241.28 500.0 332.68 13.0 10.0 9.0 9.84 13.0 14.86 9.0 10.02 279.0 231.54 
10.0 10.0 172.0 208.94 18.0 18.68 500.0 244.78 500.0 339.38 10.0 10.02 9.0 9.8 21.0 14.8 9.0 10.0 396.0 236.0 
10.0 10.02 193.0 202.8 13.0 18.64 500.0 246.52 500.0 343.68 13.0 9.94 10.0 9.82 15.0 14.7 13.0 10.02 455.0 244.34 
10.0 10.02 123.0 195.26 18.0 18.78 500.0 251.56 500.0 348.42 9.0 9.94 9.0 9.8 16.0 14.86 11.0 10.04 500.0 250.34 
9.0 10.04 239.0 191.88 18.0 18.66 500.0 260.1 500.0 349.2 9.0 9.9 8.0 9.76 10.0 14.52 9.0 10.02 476.0 257.54 
9.0 9.98 169.0 185.26 17.0 18.74 500.0 265.36 332.0 345.84 10.0 9.86 15.0 9.88 11.0 14.5 9.0 9.98 500.0 263.6 
12.0 10.06 223.0 182.0 12.0 18.68 500.0 269.9 304.0 346.8 11.0 9.9 12.0 9.94 11.0 14.5 10.0 10.02 273.0 264.6 
9.0 10.08 168.0 175.36 21.0 18.68 311.0 274.8 368.0 348.34 14.0 10.0 10.0 9.96 14.0 14.34 10.0 9.96 201.0 265.82 
10.0 10.08 209.0 175.8 14.0 18.72 500.0 278.52 190.0 347.82 9.0 9.96 11.0 10.0 10.0 14.18 10.0 9.94 500.0 272.52 
10.0 10.04 237.0 174.32 14.0 18.8 488.0 283.62 285.0 347.56 8.0 9.92 8.0 9.82 9.0 14.08 9.0 9.86 250.0 276.9 
9.0 10.04 336.0 175.86 11.0 18.66 365.0 286.64 250.0 349.42 10.0 9.92 9.0 9.8 14.0 14.0 12.0 9.94 286.0 277.4 
12.0 10.1 298.0 175.78 14.0 18.6 205.0 285.44 302.0 351.9 10.0 9.92 9.0 9.78 11.0 13.92 9.0 9.92 500.0 282.56 
12.0 10.16 500.0 181.98 16.0 18.54 233.0 284.9 259.0 352.6 11.0 9.92 9.0 9.8 9.0 13.76 9.0 9.88 233.0 278.18 
10.0 10.16 290.0 182.54 20.0 18.46 231.0 284.96 192.0 352.5 10.0 9.92 10.0 9.8 11.0 13.66 8.0 9.78 252.0 279.36 
10.0 10.18 500.0 187.46 20.0 18.56 184.0 282.88 234.0 353.26 10.0 9.92 9.0 9.8 13.0 13.58 10.0 9.78 131.0 277.62 
9.0 10.16 500.0 191.86 20.0 18.56 207.0 281.44 194.0 352.86 10.0 9.92 11.0 9.76 15.0 13.58 10.0 9.8 197.0 275.68 
8.0 10.1 150.0 189.88 19.0 18.72 157.0 282.66 128.0 352.96 9.0 9.9 10.0 9.8 10.0 13.4 11.0 9.86 180.0 277.22 
9.0 10.08 500.0 197.18 14.0 18.68 210.0 282.36 172.0 352.14 12.0 9.96 9.0 9.78 10.0 13.42 9.0 9.74 444.0 284.2 
8.0 10.04 500.0 202.28 19.0 18.82 112.0 280.52 270.0 353.54 8.0 9.94 10.0 9.82 16.0 13.5 10.0 9.76 167.0 281.06 
9.0 10.02 434.0 207.44 23.0 19.02 182.0 280.0 138.0 350.44 10.0 9.98 10.0 9.84 12.0 13.48 9.0 9.78 322.0 281.3 
10.0 10.02 242.0 207.24 21.0 19.2 140.0 279.94 180.0 349.82 9.0 9.98 10.0 9.84 11.0 13.5 10.0 9.8 306.0 282.74 
11.0 10.08 500.0 214.58 17.0 18.96 172.0 278.76 231.0 349.72 9.0 9.98 12.0 9.8 10.0 13.34 9.0 9.82 201.0 277.36 
10.0 10.12 500.0 219.98 21.0 18.98 143.0 279.36 308.0 350.38 12.0 10.02 11.0 9.82 16.0 13.12 10.0 9.82 255.0 276.6 
8.0 10.04 500.0 227.78 11.0 18.88 146.0 278.58 345.0 352.84 10.0 10.06 9.0 9.82 9.0 12.76 9.0 9.8 85.0 277.06 
8.0 10.02 500.0 234.96 16.0 18.86 157.0 277.52 255.0 353.8 9.0 10.06 9.0 9.82 11.0 12.82 9.0 9.74 240.0 276.32 
12.0 9.98 398.0 239.94 25.0 18.86 132.0 275.96 241.0 352.24 9.0 10.08 10.0 9.78 13.0 12.86 10.0 9.76 220.0 277.7 
10.0 9.98 213.0 241.68 15.0 18.78 128.0 275.32 316.0 349.2 11.0 10.12 8.0 9.76 11.0 12.86 10.0 9.76 237.0 279.64 
11.0 9.9 500.0 247.92 13.0 18.58 129.0 273.78 323.0 351.7 9.0 10.1 11.0 9.8 11.0 12.7 12.0 9.82 282.0 279.48 
9.0 9.88 480.0 254.5 15.0 18.44 153.0 272.84 273.0 351.8 12.0 10.14 12.0 9.88 12.0 12.64 8.0 9.78 156.0 278.04 
10.0 9.9 500.0 258.2 20.0 18.38 151.0 274.7 500.0 351.8 9.0 10.12 9.0 9.9 12.0 12.44 9.0 9.76 167.0 276.52 
12.0 9.94 493.0 265.32 20.0 18.52 165.0 275.42 289.0 347.68 10.0 10.16 10.0 9.92 13.0 12.5 10.0 9.76 250.0 278.62 
11.0 9.98 500.0 271.18 10.0 18.32 186.0 274.52 198.0 346.92 8.0 10.12 10.0 9.82 10.0 12.44 11.0 9.78 167.0 273.86 
10.0 9.98 500.0 277.72 18.0 18.3 147.0 271.04 381.0 348.76 10.0 10.06 10.0 9.86 10.0 12.44 10.0 9.78 326.0 271.4 
10.0 10.0 500.0 282.84 20.0 18.38 143.0 271.88 267.0 346.54 12.0 10.1 10.0 9.86 13.0 12.5 12.0 9.82 151.0 267.74 
8.0 9.88 410.0 288.48 17.0 18.16 144.0 271.72 387.0 344.28 9.0 10.02 9.0 9.84 17.0 12.6 9.0 9.8 277.0 271.94 
8.0 9.78 381.0 292.58 18.0 18.06 194.0 269.12 300.0 340.28 9.0 10.02 9.0 9.86 9.0 12.48 9.0 9.8 275.0 273.0 
9.0 9.78 404.0 297.56 18.0 17.96 199.0 263.78 500.0 340.28 10.0 10.04 10.0 9.86 11.0 12.5 10.0 9.78 161.0 271.18 
9.0 9.76 463.0 303.52 13.0 17.64 199.0 260.4 481.0 339.9 10.0 10.06 10.0 9.86 9.0 12.42 9.0 9.76 296.0 272.86 
11.0 9.8 500.0 310.6 18.0 17.7 180.0 260.94 382.0 337.54 11.0 10.06 9.0 9.84 10.0 12.32 12.0 9.76 371.0 275.12 
9.0 9.82 379.0 316.04 21.0 17.56 174.0 254.42 280.0 334.24 13.0 10.14 10.0 9.88 9.0 12.3 9.0 9.76 213.0 276.22 
10.0 9.82 484.0 323.36 10.0 17.38 188.0 253.54 371.0 335.08 9.0 10.14 8.0 9.86 9.0 12.24 10.0 9.78 405.0 280.34 
9.0 9.8 475.0 330.18 12.0 17.18 279.0 255.24 500.0 335.08 8.0 10.08 12.0 9.92 10.0 12.24 10.0 9.78 290.0 281.64 
10.0 9.82 471.0 337.16 15.0 16.98 336.0 256.4 492.0 335.94 9.0 10.06 9.0 9.92 9.0 12.14 9.0 9.76 433.0 285.82 
11.0 9.84 500.0 345.68 12.0 17.02 193.0 250.26 444.0 336.88 9.0 10.08 10.0 9.92 14.0 12.14 10.0 9.78 279.0 286.42 
9.0 9.84 500.0 353.8 16.0 16.96 316.0 251.92 263.0 332.92 9.0 10.08 9.0 9.9 10.0 12.0 9.0 9.76 235.0 285.02 
10.0 9.84 500.0 362.16 12.0 16.94 442.0 259.14 205.0 327.02 10.0 10.08 11.0 9.94 12.0 11.92 10.0 9.76 500.0 289.84 
8.0 9.8 500.0 369.96 16.0 16.96 470.0 263.9 500.0 331.1 10.0 10.08 9.0 9.94 12.0 11.74 10.0 9.76 426.0 293.44 
11.0 9.76 500.0 378.16 14.0 16.62 500.0 263.9 246.0 327.12 8.0 10.06 9.0 9.92 12.0 11.74 9.0 9.76 380.0 296.24 
9.0 9.76 500.0 386.12 22.0 16.78 500.0 269.52 500.0 327.12 13.0 10.08 9.0 9.84 8.0 11.68 9.0 9.76 210.0 293.66 
9.0 9.76 336.0 390.0 25.0 16.86 111.0 266.6 292.0 327.36 10.0 10.04 10.0 9.82 8.0 11.64 8.0 9.74 310.0 292.92 
9.0 9.72 500.0 397.4 15.0 16.74 214.0 262.32 351.0 324.38 8.0 9.94 10.0 9.84 9.0 11.56 10.0 9.76 265.0 292.64 
10.0 9.72 372.0 401.4 14.0 16.66 167.0 255.66 500.0 324.38 16.0 10.06 9.0 9.84 10.0 11.34 10.0 9.78 442.0 293.56 
10.0 9.72 500.0 407.54 18.0 16.76 500.0 255.66 500.0 324.38 10.0 10.0 11.0 9.86 8.0 11.2 9.0 9.7 276.0 289.98 
9.0 9.7 500.0 415.08 19.0 16.78 149.0 248.64 275.0 319.88 9.0 10.0 9.0 9.86 11.0 11.1 10.0 9.68 258.0 285.14 
12.0 9.76 500.0 420.3 13.0 16.68 492.0 248.48 500.0 319.88 8.0 9.98 9.0 9.88 16.0 11.22 9.0 9.68 166.0 278.94 
10.0 9.78 500.0 426.92 20.0 16.74 158.0 241.64 168.0 316.6 8.0 9.94 9.0 9.76 9.0 11.18 10.0 9.7 188.0 272.7 
8.0 9.7 500.0 432.46 20.0 16.9 500.0 241.64 492.0 320.36 10.0 9.92 9.0 9.7 10.0 11.16 9.0 9.68 244.0 272.12 
9.0 9.7 500.0 439.1 21.0 16.9 500.0 245.42 450.0 322.0 11.0 9.86 10.0 9.7 10.0 11.08 12.0 9.72 158.0 271.26 
10.0 9.7 471.0 444.34 17.0 16.96 500.0 245.42 224.0 322.68 9.0 9.86 10.0 9.68 11.0 11.1 9.0 9.7 203.0 265.32 
9.0 9.68 448.0 448.56 10.0 16.88 365.0 242.96 500.0 326.98 9.0 9.88 10.0 9.72 9.0 11.1 8.0 9.68 217.0 264.66 
10.0 9.7 500.0 451.84 17.0 17.0 471.0 245.08 331.0 328.6 9.0 9.86 9.0 9.72 9.0 11.0 8.0 9.6 146.0 261.86 
8.0 9.62 500.0 455.88 16.0 17.04 500.0 250.98 500.0 332.56 10.0 9.86 10.0 9.74 9.0 10.96 19.0 9.8 190.0 255.66 
9.0 9.56 375.0 453.38 17.0 17.06 166.0 249.64 381.0 335.0 8.0 9.8 12.0 9.8 14.0 11.06 9.0 9.8 136.0 253.72 
9.0 9.54 195.0 451.48 15.0 16.96 217.0 249.36 500.0 341.16 10.0 9.8 12.0 9.84 9.0 11.02 10.0 9.84 149.0 251.66 
10.0 9.54 201.0 445.5 19.0 16.94 104.0 247.76 288.0 342.24 10.0 9.8 10.0 9.86 9.0 10.94 8.0 9.8 163.0 252.3 
8.0 9.52 500.0 445.5 22.0 16.98 500.0 253.62 350.0 345.36 10.0 9.8 9.0 9.82 11.0 10.86 9.0 9.78 150.0 251.36 
9.0 9.54 500.0 452.5 17.0 16.94 500.0 260.48 500.0 352.8 9.0 9.8 10.0 9.82 19.0 11.04 9.0 9.74 152.0 250.8 
10.0 9.56 384.0 450.18 12.0 16.9 460.0 265.48 426.0 357.88 10.0 9.76 10.0 9.84 9.0 11.02 10.0 9.76 166.0 245.24 
10.0 9.6 482.0 449.82 15.0 16.82 168.0 266.6 385.0 360.18 10.0 9.8 10.0 9.84 9.0 10.88 9.0 9.74 163.0 245.16 
10.0 9.62 500.0 451.14 16.0 16.68 336.0 269.68 284.0 363.1 9.0 9.78 10.0 9.84 9.0 10.82 10.0 9.76 131.0 241.34 
9.0 9.6 374.0 453.78 10.0 16.46 448.0 275.84 112.0 361.74 13.0 9.86 13.0 9.9 10.0 10.8 9.0 9.74 150.0 238.22 
9.0 9.56 445.0 452.68 13.0 16.38 500.0 282.4 300.0 363.12 10.0 9.88 8.0 9.82 14.0 10.88 10.0 9.76 114.0 236.48 
9.0 9.54 500.0 452.68 11.0 16.18 319.0 285.92 353.0 364.02 8.0 9.8 9.0 9.78 9.0 10.74 10.0 9.76 130.0 233.98 
10.0 9.58 500.0 452.68 11.0 16.18 500.0 293.0 455.0 366.22 10.0 9.8 8.0 9.76 10.0 10.76 17.0 9.92 132.0 234.92 
8.0 9.58 500.0 452.68 18.0 16.22 500.0 299.86 403.0 369.18 10.0 9.82 9.0 9.76 11.0 10.76 9.0 9.92 120.0 232.52 
9.0 9.52 479.0 454.3 17.0 16.06 500.0 307.22 291.0 370.18 9.0 9.82 11.0 9.78 9.0 10.68 9.0 9.9 125.0 230.62 
10.0 9.52 500.0 460.04 22.0 16.2 500.0 314.66 470.0 373.26 9.0 9.78 13.0 9.88 10.0 10.66 9.0 9.88 144.0 228.76 
9.0 9.48 500.0 460.04 22.0 16.38 500.0 322.08 263.0 372.06 10.0 9.8 9.0 9.84 13.0 10.7 11.0 9.86 161.0 226.34 
8.0 9.46 236.0 455.16 10.0 16.28 500.0 329.02 379.0 374.18 8.0 9.72 9.0 9.78 12.0 10.7 10.0 9.9 118.0 225.58 
9.0 9.44 500.0 455.16 19.0 16.26 279.0 331.58 351.0 371.2 12.0 9.78 10.0 9.8 15.0 10.76 9.0 9.9 163.0 225.5 
11.0 9.42 348.0 452.26 23.0 16.32 500.0 338.28 500.0 375.42 9.0 9.76 8.0 9.76 12.0 10.74 8.0 9.86 128.0 223.06 
8.0 9.36 500.0 452.26 15.0 16.42 500.0 344.56 328.0 378.02 11.0 9.82 10.0 9.76 11.0 10.76 10.0 9.84 133.0 222.38 
13.0 9.42 500.0 452.26 17.0 16.4 494.0 351.5 500.0 380.4 11.0 9.84 10.0 9.76 13.0 10.82 12.0 9.88 158.0 219.02 
11.0 9.44 281.0 447.88 19.0 16.38 500.0 358.64 500.0 385.06 10.0 9.8 10.0 9.76 10.0 10.76 10.0 9.84 93.0 217.86 
12.0 9.52 330.0 446.28 15.0 16.34 500.0 365.76 500.0 387.32 9.0 9.8 9.0 9.76 9.0 10.6 11.0 9.88 117.0 214.66 
17.0 9.7 168.0 442.02 16.0 16.3 315.0 368.18 392.0 389.16 10.0 9.82 12.0 9.82 9.0 10.6 10.0 9.9 129.0 211.74 
10.0 9.72 336.0 440.66 23.0 16.4 500.0 374.2 500.0 389.16 10.0 9.82 10.0 9.82 10.0 10.58 10.0 9.9 128.0 211.08 
9.0 9.72 155.0 434.5 19.0 16.52 500.0 380.22 350.0 386.54 10.0 9.82 9.0 9.8 9.0 10.58 9.0 9.9 107.0 207.3 
10.0 9.7 326.0 431.02 25.0 16.66 500.0 386.62 223.0 383.36 9.0 9.78 10.0 9.82 10.0 10.58 13.0 9.92 150.0 202.88 
12.0 9.76 500.0 433.44 18.0 16.6 500.0 393.14 427.0 386.3 9.0 9.7 10.0 9.82 10.0 10.6 9.0 9.92 124.0 201.1 
10.0 9.76 376.0 431.28 17.0 16.74 500.0 399.38 500.0 388.88 9.0 9.7 9.0 9.84 10.0 10.62 8.0 9.88 122.0 195.44 
9.0 9.76 500.0 431.78 21.0 16.92 500.0 403.8 251.0 383.9 9.0 9.72 9.0 9.78 9.0 10.6 18.0 10.04 165.0 192.94 
9.0 9.74 375.0 429.86 25.0 17.12 500.0 407.08 68.0 375.42 9.0 9.72 11.0 9.82 11.0 10.64 10.0 10.06 152.0 187.32 
10.0 9.72 328.0 426.42 25.0 17.38 500.0 413.22 204.0 370.62 11.0 9.76 8.0 9.78 10.0 10.56 12.0 10.1 149.0 184.72 
9.0 9.72 447.0 425.36 24.0 17.54 296.0 412.82 138.0 368.12 9.0 9.76 9.0 9.78 11.0 10.58 10.0 10.12 142.0 182.86 
10.0 9.72 500.0 425.36 13.0 17.56 500.0 413.98 423.0 372.48 8.0 9.72 10.0 9.76 11.0 10.56 9.0 10.1 152.0 175.9 
13.0 9.82 456.0 424.48 26.0 17.76 402.0 412.62 110.0 364.68 10.0 9.72 9.0 9.76 9.0 10.5 9.0 10.08 149.0 170.36 
11.0 9.82 500.0 424.48 23.0 17.94 284.0 408.3 250.0 364.76 9.0 9.74 10.0 9.78 18.0 10.62 9.0 10.08 192.0 166.6 
10.0 9.84 500.0 424.48 26.0 18.02 366.0 405.62 222.0 359.2 10.0 9.68 10.0 9.8 13.0 10.72 12.0 10.14 167.0 165.74 
10.0 9.86 500.0 427.76 31.0 18.14 315.0 409.7 421.0 361.78 11.0 9.7 9.0 9.78 10.0 10.76 17.0 10.32 159.0 162.72 
10.0 9.88 500.0 427.76 24.0 18.32 266.0 410.74 262.0 360.0 8.0 9.7 12.0 9.82 13.0 10.84 13.0 10.38 163.0 160.68 
9.0 9.86 459.0 429.5 30.0 18.64 201.0 411.42 321.0 356.42 10.0 9.58 10.0 9.84 10.0 10.84 8.0 10.34 208.0 156.0 
12.0 9.9 500.0 429.5 25.0 18.78 188.0 405.18 212.0 350.66 11.0 9.6 10.0 9.82 10.0 10.88 10.0 10.36 150.0 153.48 
10.0 9.92 500.0 429.5 27.0 18.94 205.0 406.3 233.0 349.82 9.0 9.6 12.0 9.88 9.0 10.84 11.0 10.38 156.0 151.44 
10.0 9.88 159.0 422.68 10.0 18.88 199.0 400.44 401.0 347.84 12.0 9.68 9.0 9.88 10.0 10.72 10.0 10.4 175.0 151.62 
9.0 9.86 461.0 421.9 30.0 19.08 168.0 400.64 411.0 352.7 8.0 9.68 10.0 9.9 14.0 10.82 9.0 10.38 153.0 150.92 
10.0 9.9 500.0 421.9 22.0 19.12 186.0 394.36 168.0 346.22 9.0 9.66 9.0 9.9 10.0 10.82 10.0 10.4 223.0 150.5 
9.0 9.9 298.0 417.86 31.0 19.32 170.0 387.76 500.0 347.22 10.0 9.64 9.0 9.88 11.0 10.84 11.0 10.38 172.0 150.78 
10.0 9.9 157.0 411.58 26.0 19.5 170.0 381.16 292.0 348.58 8.0 9.62 10.0 9.88 9.0 10.8 9.0 10.38 232.0 151.36 
9.0 9.9 198.0 406.58 21.0 19.72 158.0 377.02 500.0 348.58 9.0 9.62 10.0 9.88 9.0 10.8 11.0 10.44 171.0 150.44 
10.0 9.9 376.0 404.1 24.0 19.86 145.0 370.5 500.0 351.96 8.0 9.6 11.0 9.92 8.0 10.78 12.0 10.52 221.0 151.94 
11.0 9.96 500.0 404.1 22.0 19.98 151.0 363.52 313.0 348.22 9.0 9.58 10.0 9.92 10.0 10.8 12.0 10.38 415.0 156.44 
9.0 9.96 354.0 403.68 13.0 19.9 166.0 363.52 500.0 350.6 12.0 9.66 9.0 9.86 9.0 10.7 10.0 10.4 313.0 159.98 
12.0 10.02 493.0 409.64 26.0 20.12 185.0 362.88 500.0 350.6 9.0 9.64 10.0 9.82 12.0 10.76 14.0 10.48 256.0 162.12 
9.0 10.0 500.0 415.62 36.0 20.46 175.0 364.3 500.0 354.84 9.0 9.62 8.0 9.78 14.0 10.86 12.0 10.56 295.0 164.76 
8.0 10.0 500.0 415.62 14.0 20.3 180.0 357.9 500.0 357.84 9.0 9.6 12.0 9.84 10.0 10.84 12.0 10.62 216.0 166.08 
11.0 10.04 304.0 411.7 41.0 20.78 197.0 351.84 361.0 355.06 9.0 9.6 9.0 9.82 9.0 10.64 10.0 10.64 317.0 169.38 
11.0 10.06 500.0 414.02 22.0 20.98 176.0 346.16 500.0 356.54 9.0 9.58 10.0 9.82 11.0 10.68 8.0 10.6 433.0 174.72 
12.0 10.1 406.0 412.5 17.0 21.02 168.0 346.16 500.0 358.84 12.0 9.62 8.0 9.78 10.0 10.7 10.0 10.62 360.0 178.66 
9.0 10.08 495.0 412.4 30.0 21.3 158.0 342.6 500.0 363.16 9.0 9.62 11.0 9.8 16.0 10.84 11.0 10.64 380.0 183.64 
9.0 10.08 356.0 412.04 20.0 21.5 201.0 337.66 391.0 368.74 8.0 9.52 9.0 9.72 10.0 10.84 9.0 10.64 399.0 188.62 
14.0 10.18 500.0 413.14 18.0 21.6 174.0 331.14 458.0 371.9 9.0 9.5 9.0 9.74 11.0 10.78 11.0 10.66 253.0 191.4 
11.0 10.22 500.0 413.14 23.0 21.84 222.0 329.2 466.0 374.16 8.0 9.5 9.0 9.74 12.0 10.84 11.0 10.68 265.0 194.1 
9.0 10.2 500.0 413.14 15.0 21.92 202.0 323.24 292.0 370.9 10.0 9.5 10.0 9.78 12.0 10.88 8.0 10.5 456.0 200.58 
10.0 10.24 500.0 413.14 27.0 22.1 198.0 317.2 282.0 368.48 9.0 9.48 9.0 9.78 10.0 10.86 8.0 10.48 287.0 203.92 
11.0 10.28 448.0 412.52 22.0 22.2 249.0 312.18 228.0 367.22 9.0 9.48 11.0 9.78 11.0 10.9 10.0 10.5 284.0 207.1 
9.0 10.26 500.0 412.52 29.0 22.34 225.0 306.68 365.0 365.12 9.0 9.48 11.0 9.74 9.0 10.88 12.0 10.56 274.0 209.7 
9.0 10.26 500.0 412.52 23.0 22.36 200.0 300.68 284.0 365.54 10.0 9.48 10.0 9.76 11.0 10.84 13.0 10.6 354.0 213.56 
10.0 10.3 500.0 417.8 11.0 22.38 204.0 294.76 260.0 363.16 10.0 9.52 11.0 9.8 9.0 10.78 9.0 10.58 322.0 217.64 
9.0 10.3 500.0 417.8 20.0 22.4 177.0 292.72 249.0 361.12 12.0 9.52 11.0 9.82 10.0 10.68 9.0 10.58 500.0 224.38 
9.0 10.26 423.0 419.3 28.0 22.5 219.0 287.1 195.0 355.02 10.0 9.54 10.0 9.86 12.0 10.68 9.0 10.6 475.0 231.32 
12.0 10.34 438.0 418.06 17.0 22.54 180.0 280.7 203.0 352.52 9.0 9.5 10.0 9.86 9.0 10.64 10.0 10.6 500.0 238.66 
9.0 10.26 500.0 418.06 28.0 22.76 158.0 273.98 258.0 347.68 10.0 9.48 10.0 9.86 9.0 10.56 9.0 10.54 95.0 237.4 
8.0 10.2 500.0 422.44 20.0 22.78 165.0 267.28 282.0 343.32 10.0 9.48 14.0 9.94 10.0 10.56 10.0 10.54 500.0 245.54 
8.0 10.12 366.0 423.16 16.0 22.8 185.0 260.98 288.0 339.08 8.0 9.46 9.0 9.94 12.0 10.62 10.0 10.52 500.0 253.2 
9.0 9.96 500.0 429.8 19.0 22.86 148.0 257.64 320.0 337.64 10.0 9.46 10.0 9.9 10.0 10.64 9.0 10.5 500.0 260.62 
9.0 9.94 236.0 427.8 20.0 22.8 118.0 250.0 276.0 333.16 10.0 9.46 8.0 9.86 17.0 10.78 9.0 10.48 500.0 268.06 
11.0 9.98 329.0 431.28 31.0 23.04 133.0 242.66 365.0 333.46 8.0 9.42 9.0 9.86 10.0 10.8 11.0 10.52 436.0 274.64 
10.0 9.98 369.0 432.14 22.0 22.98 136.0 235.38 262.0 334.24 13.0 9.5 10.0 9.86 9.0 10.78 9.0 10.44 500.0 281.64 
9.0 9.92 485.0 431.84 13.0 22.88 168.0 228.74 242.0 330.54 11.0 9.54 10.0 9.86 16.0 10.9 12.0 10.5 253.0 284.22 
12.0 9.96 401.0 432.34 18.0 22.9 156.0 221.86 274.0 326.02 9.0 9.54 8.0 9.84 8.0 10.86 12.0 10.58 500.0 291.78 
9.0 9.96 302.0 428.38 24.0 22.96 152.0 214.9 313.0 327.26 10.0 9.56 12.0 9.9 9.0 10.86 8.0 10.38 500.0 298.48 
10.0 9.98 349.0 427.86 19.0 22.84 149.0 207.88 446.0 334.82 10.0 9.58 10.0 9.88 11.0 10.86 11.0 10.4 500.0 305.44 
10.0 9.98 190.0 425.1 22.0 22.78 136.0 200.6 217.0 335.08 9.0 9.54 10.0 9.92 11.0 10.88 8.0 10.32 500.0 312.46 
9.0 9.98 285.0 421.86 27.0 22.84 135.0 197.38 265.0 337.62 9.0 9.54 9.0 9.92 11.0 10.88 9.0 10.3 270.0 315.02 
10.0 9.98 290.0 417.66 18.0 22.94 29.0 187.96 252.0 334.2 10.0 9.58 9.0 9.9 10.0 10.86 9.0 10.3 498.0 321.94 
8.0 9.88 200.0 412.54 17.0 22.76 142.0 182.76 205.0 336.1 9.0 9.56 9.0 9.9 11.0 10.9 9.0 10.3 262.0 324.2 
9.0 9.84 208.0 406.7 29.0 22.88 156.0 180.2 207.0 335.24 8.0 9.54 9.0 9.88 10.0 10.74 10.0 10.32 500.0 330.36 
9.0 9.82 99.0 398.68 37.0 23.1 132.0 175.52 261.0 336.02 10.0 9.54 10.0 9.88 10.0 10.68 12.0 10.32 368.0 334.38 
9.0 9.8 203.0 392.74 10.0 22.68 130.0 171.82 297.0 333.54 12.0 9.56 10.0 9.9 8.0 10.64 10.0 10.18 218.0 335.56 
9.0 9.78 195.0 386.64 14.0 22.48 120.0 168.9 189.0 332.08 17.0 9.74 10.0 9.86 11.0 10.6 10.0 10.12 259.0 337.48 
12.0 9.84 204.0 381.54 17.0 22.22 110.0 167.08 184.0 329.34 9.0 9.72 9.0 9.84 8.0 10.56 9.0 10.14 279.0 338.9 
11.0 9.82 188.0 375.3 19.0 22.1 138.0 166.08 499.0 335.08 11.0 9.72 9.0 9.82 10.0 10.56 11.0 10.16 255.0 341.0 
11.0 9.84 158.0 368.46 23.0 22.02 140.0 164.78 500.0 340.42 10.0 9.74 10.0 9.78 11.0 10.6 10.0 10.14 181.0 341.5 
12.0 9.88 216.0 369.6 33.0 22.48 144.0 163.68 217.0 336.74 10.0 9.7 10.0 9.8 8.0 10.56 10.0 10.14 197.0 341.94 
10.0 9.9 304.0 366.46 25.0 22.38 18.0 160.68 273.0 333.98 10.0 9.74 9.0 9.78 15.0 10.58 10.0 10.16 216.0 343.2 
9.0 9.88 95.0 358.36 23.0 22.4 153.0 160.02 451.0 339.64 9.0 9.74 10.0 9.8 9.0 10.56 11.0 10.18 147.0 341.68 
11.0 9.92 102.0 354.44 41.0 22.6 121.0 159.04 500.0 339.64 10.0 9.74 10.0 9.82 15.0 10.64 10.0 10.16 142.0 341.08 
11.0 9.94 200.0 355.3 22.0 22.52 140.0 158.44 182.0 337.44 9.0 9.76 10.0 9.82 8.0 10.62 9.0 10.16 172.0 339.88 
11.0 9.98 228.0 355.9 23.0 22.56 161.0 158.5 497.0 337.38 9.0 9.76 10.0 9.82 9.0 10.62 8.0 10.1 124.0 338.94 
8.0 9.94 221.0 352.8 34.0 22.76 155.0 158.7 120.0 329.78 10.0 9.8 9.0 9.78 10.0 10.66 10.0 10.06 155.0 337.62 
10.0 9.92 244.0 347.68 15.0 22.62 21.0 156.1 500.0 333.52 10.0 9.82 8.0 9.74 11.0 10.68 10.0 10.02 142.0 332.16 
8.0 9.9 332.0 347.24 32.0 23.0 162.0 156.02 500.0 333.52 10.0 9.78 9.0 9.74 8.0 10.66 11.0 10.04 134.0 328.58 
9.0 9.84 151.0 340.4 19.0 22.86 108.0 154.48 500.0 333.52 11.0 9.82 9.0 9.72 10.0 10.62 8.0 9.92 151.0 326.48 
10.0 9.86 225.0 334.9 24.0 22.62 157.0 154.12 500.0 333.52 8.0 9.8 9.0 9.74 10.0 10.54 9.0 9.86 129.0 323.16 
10.0 9.9 358.0 332.06 25.0 22.84 71.0 151.94 146.0 326.44 11.0 9.84 10.0 9.7 10.0 10.54 10.0 9.82 151.0 321.86 
8.0 9.84 500.0 335.98 31.0 22.64 201.0 152.02 500.0 329.22 9.0 9.84 9.0 9.7 9.0 10.54 9.0 9.8 122.0 317.96 
9.0 9.8 500.0 335.98 49.0 23.18 112.0 150.74 401.0 327.24 10.0 9.86 10.0 9.7 10.0 10.52 11.0 9.86 118.0 311.66 
11.0 9.78 83.0 329.52 41.0 23.66 196.0 151.3 365.0 324.54 9.0 9.8 10.0 9.74 13.0 10.58 10.0 9.86 125.0 306.96 
9.0 9.78 239.0 324.4 22.0 23.5 173.0 151.6 336.0 321.26 9.0 9.8 10.0 9.72 12.0 10.5 9.0 9.82 127.0 301.9 
10.0 9.8 500.0 327.28 33.0 23.76 173.0 151.04 193.0 317.3 9.0 9.82 10.0 9.74 10.0 10.5 9.0 9.82 129.0 296.5 
9.0 9.7 500.0 327.28 41.0 24.22 206.0 151.68 500.0 318.14 10.0 9.84 9.0 9.74 9.0 10.46 9.0 9.78 138.0 294.2 
9.0 9.66 422.0 325.72 22.0 24.2 183.0 150.9 500.0 318.82 9.0 9.86 9.0 9.74 10.0 10.42 9.0 9.74 146.0 291.82 
10.0 9.68 335.0 322.42 46.0 24.82 106.0 148.98 500.0 322.98 10.0 9.86 17.0 9.88 14.0 10.46 10.0 9.78 130.0 285.3 
10.0 9.68 272.0 317.86 26.0 24.8 55.0 146.12 483.0 327.0 10.0 9.88 10.0 9.9 12.0 10.5 10.0 9.82 141.0 282.38 
9.0 9.64 380.0 316.5 22.0 24.8 209.0 145.32 500.0 332.44 10.0 9.9 9.0 9.86 9.0 10.46 10.0 9.82 126.0 279.22 
11.0 9.68 165.0 309.8 28.0 24.78 165.0 144.12 479.0 334.72 12.0 9.96 10.0 9.84 13.0 10.54 9.0 9.76 125.0 276.24 
12.0 9.74 500.0 309.8 27.0 24.86 27.0 140.66 418.0 337.4 9.0 9.94 11.0 9.86 9.0 10.5 10.0 9.7 123.0 271.62 
9.0 9.72 86.0 301.52 39.0 25.42 225.0 141.08 458.0 341.36 11.0 9.96 9.0 9.82 8.0 10.48 10.0 9.72 141.0 268.0 
10.0 9.74 500.0 301.52 38.0 25.78 224.0 142.02 312.0 342.62 9.0 9.9 9.0 9.78 9.0 10.46 9.0 9.72 126.0 260.52 
10.0 9.76 500.0 303.06 27.0 25.76 134.0 140.32 365.0 346.02 10.0 9.9 9.0 9.76 9.0 10.4 9.0 9.72 148.0 253.98 
10.0 9.72 500.0 304.3 37.0 26.16 207.0 140.86 309.0 348.14 9.0 9.9 9.0 9.74 10.0 10.42 10.0 9.72 150.0 246.98 
9.0 9.72 500.0 304.3 35.0 26.3 257.0 142.84 246.0 347.9 10.0 9.9 9.0 9.72 10.0 10.44 10.0 9.74 137.0 247.82 
12.0 9.8 167.0 297.64 22.0 26.34 208.0 143.7 249.0 347.24 9.0 9.88 10.0 9.64 14.0 10.52 11.0 9.76 131.0 240.44 
9.0 9.82 500.0 300.32 26.0 26.54 251.0 145.02 236.0 346.2 10.0 9.92 8.0 9.62 12.0 10.52 10.0 9.76 117.0 232.78 
8.0 9.8 75.0 291.82 31.0 26.78 60.0 143.26 281.0 345.42 10.0 9.92 11.0 9.64 12.0 10.56 9.0 9.76 128.0 225.34 
8.0 9.78 433.0 295.76 26.0 26.9 237.0 145.64 235.0 344.6 9.0 9.9 10.0 9.68 10.0 10.42 10.0 9.78 134.0 218.02 
9.0 9.74 210.0 293.38 36.0 27.0 255.0 148.08 203.0 341.36 9.0 9.92 9.0 9.68 12.0 10.46 12.0 9.8 123.0 211.76 
10.0 9.74 406.0 294.12 25.0 27.06 194.0 149.24 187.0 339.86 9.0 9.84 9.0 9.66 10.0 10.48 11.0 9.84 123.0 204.22 
8.0 9.72 500.0 294.42 22.0 27.24 159.0 149.06 181.0 338.64 12.0 9.86 10.0 9.66 10.0 10.36 12.0 9.84 123.0 201.62 
9.0 9.66 332.0 293.04 20.0 27.28 254.0 151.02 157.0 336.3 10.0 9.88 9.0 9.68 11.0 10.42 10.0 9.8 142.0 194.46 
12.0 9.72 500.0 297.0 25.0 27.3 127.0 150.52 16.0 330.36 9.0 9.86 12.0 9.68 13.0 10.5 12.0 9.88 125.0 186.96 
9.0 9.7 429.0 298.6 28.0 27.48 133.0 150.2 141.0 324.26 9.0 9.84 9.0 9.66 9.0 10.46 11.0 9.88 158.0 180.12 
11.0 9.72 500.0 304.8 57.0 28.18 228.0 152.04 150.0 322.92 10.0 9.86 8.0 9.62 9.0 10.42 9.0 9.9 179.0 173.7 
9.0 9.72 76.0 300.62 72.0 29.08 254.0 154.42 164.0 320.9 10.0 9.88 9.0 9.62 9.0 10.38 8.0 9.88 151.0 171.32 
10.0 9.72 450.0 303.82 36.0 29.44 116.0 156.16 155.0 318.96 10.0 9.88 12.0 9.68 11.0 10.4 11.0 9.92 158.0 164.52 
9.0 9.74 500.0 309.82 49.0 30.08 181.0 156.94 157.0 318.0 9.0 9.88 10.0 9.7 12.0 10.42 10.0 9.94 103.0 161.34 
10.0 9.76 391.0 313.48 32.0 30.14 214.0 158.1 175.0 317.36 9.0 9.9 9.0 9.7 10.0 10.42 9.0 9.92 160.0 154.54 
9.0 9.76 470.0 320.9 34.0 30.08 82.0 157.1 133.0 314.8 9.0 9.88 9.0 9.68 13.0 10.48 11.0 9.9 130.0 149.78 
11.0 9.8 500.0 326.84 33.0 30.54 302.0 160.54 124.0 311.34 9.0 9.82 10.0 9.68 10.0 10.52 10.0 9.9 144.0 148.3 
11.0 9.84 500.0 332.94 53.0 31.32 179.0 161.72 139.0 310.34 9.0 9.66 9.0 9.66 9.0 10.48 8.0 9.86 135.0 145.82 
9.0 9.78 500.0 338.86 27.0 31.52 269.0 164.9 147.0 309.6 9.0 9.66 10.0 9.68 10.0 10.52 12.0 9.92 146.0 143.16 
9.0 9.74 285.0 340.8 42.0 31.98 293.0 168.0 159.0 302.8 9.0 9.62 10.0 9.7 10.0 10.52 10.0 9.9 152.0 141.1 
9.0 9.7 500.0 347.64 27.0 32.06 225.0 169.7 135.0 295.5 10.0 9.62 9.0 9.68 12.0 10.54 10.0 9.9 143.0 140.34 
8.0 9.62 500.0 353.32 19.0 31.78 218.0 171.18 111.0 293.38 9.0 9.6 9.0 9.66 9.0 10.56 9.0 9.88 152.0 139.44 
9.0 9.6 500.0 357.24 28.0 31.84 231.0 175.44 107.0 290.06 9.0 9.58 9.0 9.66 9.0 10.44 10.0 9.88 192.0 138.96 
9.0 9.6 500.0 365.34 15.0 31.68 251.0 177.4 112.0 283.28 11.0 9.62 11.0 9.68 9.0 10.44 11.0 9.88 186.0 139.74 
9.0 9.56 500.0 373.3 73.0 32.32 84.0 176.66 125.0 275.78 10.0 9.62 9.0 9.66 10.0 10.34 9.0 9.86 135.0 139.6 
10.0 9.54 500.0 379.3 33.0 32.54 297.0 179.8 131.0 274.76 10.0 9.64 10.0 9.66 13.0 10.44 9.0 9.86 163.0 139.42 
9.0 9.5 500.0 384.74 19.0 32.46 204.0 180.66 116.0 267.14 9.0 9.64 10.0 9.66 11.0 10.48 10.0 9.9 147.0 139.88 
12.0 9.58 500.0 390.32 101.0 33.8 302.0 183.6 97.0 266.68 10.0 9.64 12.0 9.72 9.0 10.46 10.0 9.9 130.0 139.38 
11.0 9.6 500.0 395.44 109.0 35.68 297.0 189.12 114.0 258.96 10.0 9.64 9.0 9.74 11.0 10.46 10.0 9.9 125.0 139.04 
11.0 9.66 500.0 398.8 26.0 35.56 293.0 191.74 177.0 252.5 10.0 9.64 10.0 9.76 11.0 10.52 8.0 9.84 162.0 139.6 
9.0 9.66 348.0 402.74 146.0 38.1 270.0 194.98 155.0 245.6 10.0 9.62 10.0 9.78 9.0 10.5 9.0 9.86 143.0 139.44 
10.0 9.66 331.0 404.86 115.0 39.92 262.0 197.08 130.0 238.2 9.0 9.64 9.0 9.78 9.0 10.48 9.0 9.86 155.0 139.96 
13.0 9.72 500.0 407.7 65.0 40.72 72.0 197.1 131.0 237.9 9.0 9.6 10.0 9.78 10.0 10.48 10.0 9.86 150.0 139.94 
10.0 9.76 500.0 407.7 91.0 41.92 133.0 195.74 151.0 230.92 9.0 9.6 9.0 9.78 10.0 10.5 14.0 9.96 159.0 140.68 
9.0 9.76 500.0 407.7 123.0 43.4 176.0 197.02 246.0 227.82 8.0 9.56 9.0 9.76 10.0 10.5 9.0 9.92 144.0 141.2 
9.0 9.72 500.0 416.04 134.0 45.26 237.0 197.84 194.0 224.4 11.0 9.6 8.0 9.72 10.0 10.44 9.0 9.9 259.0 143.88 
10.0 9.74 500.0 421.26 147.0 47.76 198.0 198.34 218.0 222.04 10.0 9.62 9.0 9.7 10.0 10.4 9.0 9.9 204.0 145.42 
9.0 9.72 79.0 412.84 89.0 48.88 204.0 198.96 181.0 221.8 11.0 9.66 9.0 9.68 10.0 10.4 8.0 9.88 174.0 146.32 
9.0 9.72 500.0 412.84 131.0 50.68 192.0 198.68 231.0 216.42 10.0 9.66 8.0 9.66 12.0 10.46 12.0 9.94 144.0 146.44 
10.0 9.74 500.0 414.4 93.0 52.1 185.0 198.72 304.0 212.5 9.0 9.66 9.0 9.66 8.0 10.42 9.0 9.94 140.0 146.32 
9.0 9.72 225.0 412.2 130.0 53.78 216.0 200.92 269.0 207.88 12.0 9.7 8.0 9.48 12.0 10.38 10.0 9.94 165.0 147.02 
10.0 9.72 500.0 416.76 87.0 55.0 203.0 203.88 284.0 203.9 9.0 9.68 10.0 9.48 13.0 10.4 9.0 9.92 135.0 146.9 
10.0 9.74 442.0 418.0 165.0 57.86 202.0 203.74 388.0 201.66 10.0 9.68 9.0 9.48 9.0 10.4 9.0 9.9 137.0 147.12 
9.0 9.7 500.0 424.7 124.0 59.78 217.0 204.78 368.0 199.44 10.0 9.64 10.0 9.48 11.0 10.36 10.0 9.92 186.0 148.34 
8.0 9.62 500.0 424.7 168.0 62.6 147.0 207.18 292.0 196.92 10.0 9.66 10.0 9.46 12.0 10.42 8.0 9.88 160.0 149.08 
9.0 9.62 500.0 432.98 109.0 64.0 233.0 207.34 297.0 193.7 12.0 9.68 10.0 9.48 10.0 10.46 9.0 9.86 171.0 149.68 
10.0 9.62 500.0 432.98 75.0 64.74 188.0 206.62 310.0 193.66 9.0 9.68 10.0 9.5 10.0 10.48 9.0 9.86 190.0 150.96 
10.0 9.62 500.0 432.98 137.0 66.94 194.0 207.82 292.0 192.2 10.0 9.68 10.0 9.52 9.0 10.48 11.0 9.9 169.0 151.38 
9.0 9.6 500.0 432.98 40.0 67.0 225.0 208.18 429.0 194.6 11.0 9.72 10.0 9.54 11.0 10.5 12.0 9.94 156.0 151.5 
10.0 9.62 500.0 432.98 48.0 67.26 187.0 206.78 343.0 196.54 10.0 9.72 9.0 9.54 10.0 10.5 10.0 9.94 186.0 152.48 
9.0 9.56 500.0 439.64 77.0 68.36 209.0 206.8 366.0 198.88 9.0 9.72 10.0 9.54 11.0 10.44 13.0 9.98 156.0 152.98 
10.0 9.58 500.0 439.64 271.0 73.26 177.0 205.32 467.0 203.5 10.0 9.72 9.0 9.56 10.0 10.4 12.0 10.02 237.0 155.38 
10.0 9.62 500.0 448.14 169.0 76.02 171.0 207.54 500.0 207.88 10.0 9.72 9.0 9.52 10.0 10.36 12.0 10.08 149.0 155.8 
9.0 9.64 500.0 449.48 149.0 78.48 219.0 207.18 500.0 213.18 10.0 9.74 9.0 9.5 10.0 10.36 8.0 10.04 165.0 156.42 
11.0 9.68 176.0 448.8 55.0 78.86 16.0 202.4 500.0 219.12 9.0 9.74 11.0 9.54 9.0 10.3 9.0 9.98 156.0 157.08 
10.0 9.68 500.0 450.68 78.0 79.92 92.0 200.36 500.0 225.38 9.0 9.74 9.0 9.54 9.0 10.28 10.0 9.96 175.0 158.12 
10.0 9.72 234.0 445.36 130.0 82.08 224.0 201.66 412.0 230.0 9.0 9.68 8.0 9.5 10.0 10.28 12.0 9.96 216.0 159.98 
10.0 9.74 500.0 448.72 172.0 85.12 29.0 197.16 500.0 236.86 9.0 9.66 10.0 9.52 10.0 10.26 9.0 9.94 156.0 160.26 
9.0 9.68 89.0 440.5 116.0 86.94 230.0 199.22 500.0 246.54 11.0 9.7 10.0 9.48 8.0 10.16 12.0 9.94 250.0 162.76 
10.0 9.7 238.0 436.68 206.0 90.5 184.0 200.24 500.0 253.72 10.0 9.72 9.0 9.48 10.0 10.18 9.0 9.9 278.0 165.16 
9.0 9.66 332.0 433.32 219.0 93.74 224.0 200.16 500.0 260.72 9.0 9.7 9.0 9.5 9.0 10.18 10.0 9.92 277.0 167.12 
10.0 9.68 500.0 441.8 152.0 95.34 204.0 199.16 500.0 267.44 9.0 9.68 10.0 9.52 12.0 10.24 10.0 9.96 293.0 169.96 
10.0 9.68 500.0 442.8 159.0 97.8 240.0 201.64 500.0 274.34 9.0 9.66 12.0 9.52 9.0 10.2 9.0 9.92 384.0 174.48 
10.0 9.7 500.0 442.8 32.0 97.46 167.0 201.36 500.0 281.2 9.0 9.66 10.0 9.52 10.0 10.16 10.0 9.92 200.0 176.42 
11.0 9.72 500.0 444.98 23.0 97.28 201.0 201.1 500.0 287.7 9.0 9.66 10.0 9.54 11.0 10.18 9.0 9.92 370.0 180.62 
9.0 9.72 500.0 445.58 173.0 100.06 20.0 199.86 500.0 295.04 10.0 9.68 10.0 9.56 11.0 10.14 8.0 9.86 266.0 183.34 
11.0 9.72 500.0 445.58 190.0 103.2 107.0 195.96 91.0 294.38 12.0 9.74 10.0 9.56 9.0 10.12 9.0 9.84 279.0 186.04 
10.0 9.7 421.0 444.0 195.0 106.04 248.0 197.34 500.0 301.6 8.0 9.72 12.0 9.62 9.0 10.12 8.0 9.84 230.0 187.94 
10.0 9.72 500.0 444.0 141.0 108.32 142.0 194.8 402.0 306.7 10.0 9.74 11.0 9.64 10.0 10.12 10.0 9.8 268.0 190.38 
10.0 9.74 500.0 448.3 150.0 110.48 246.0 193.86 500.0 313.52 10.0 9.76 10.0 9.64 9.0 10.1 9.0 9.78 263.0 192.6 
13.0 9.82 266.0 443.62 179.0 113.52 213.0 193.62 500.0 320.82 10.0 9.76 8.0 9.62 11.0 10.08 10.0 9.78 396.0 197.66 
10.0 9.86 500.0 443.62 173.0 116.6 234.0 193.94 500.0 328.6 10.0 9.78 10.0 9.64 10.0 10.1 12.0 9.84 269.0 200.0 
10.0 9.88 500.0 443.62 139.0 118.82 269.0 194.7 500.0 336.46 10.0 9.8 8.0 9.62 13.0 10.18 10.0 9.84 271.0 201.58 
10.0 9.9 500.0 443.62 159.0 121.7 307.0 195.82 500.0 344.22 10.0 9.78 10.0 9.6 9.0 10.18 15.0 9.92 213.0 202.12 
10.0 9.92 500.0 443.62 161.0 123.46 393.0 202.0 500.0 351.72 13.0 9.84 9.0 9.6 11.0 10.2 8.0 9.9 260.0 204.62 
10.0 9.92 500.0 443.62 163.0 126.06 307.0 202.2 500.0 359.1 10.0 9.84 10.0 9.6 10.0 10.14 10.0 9.92 150.0 204.36 
10.0 9.94 390.0 441.42 139.0 128.46 360.0 205.32 500.0 366.78 9.0 9.84 9.0 9.58 9.0 10.1 10.0 9.92 309.0 207.6 
9.0 9.88 500.0 441.42 152.0 129.48 408.0 207.44 500.0 374.84 11.0 9.86 10.0 9.54 16.0 10.24 10.0 9.92 154.0 208.08 
9.0 9.84 500.0 441.42 174.0 130.78 327.0 208.04 500.0 382.56 10.0 9.86 10.0 9.56 10.0 10.22 14.0 10.0 169.0 208.96 
10.0 9.82 349.0 438.4 160.0 133.46 353.0 209.24 500.0 389.02 11.0 9.88 8.0 9.52 10.0 10.2 13.0 10.1 183.0 209.38 
9.0 9.82 378.0 439.0 171.0 133.96 283.0 209.5 500.0 395.92 9.0 9.86 10.0 9.52 10.0 10.22 11.0 10.14 232.0 211.16 
10.0 9.82 243.0 437.24 152.0 134.7 357.0 211.4 500.0 403.32 8.0 9.84 8.0 9.5 8.0 10.2 10.0 10.16 211.0 212.28 
8.0 9.72 254.0 432.32 145.0 136.3 249.0 214.94 304.0 406.78 8.0 9.82 10.0 9.5 8.0 10.16 9.0 10.14 152.0 212.32 
12.0 9.76 241.0 427.14 149.0 137.46 124.0 214.76 500.0 413.76 10.0 9.84 10.0 9.52 12.0 10.2 10.0 10.06 215.0 213.44 
10.0 9.78 252.0 422.18 166.0 138.32 297.0 217.18 286.0 414.56 8.0 9.84 10.0 9.54 11.0 10.22 9.0 10.06 161.0 213.78 
8.0 9.76 30.0 412.78 192.0 139.48 369.0 219.82 500.0 420.68 9.0 9.8 8.0 9.54 8.0 10.18 10.0 10.08 206.0 212.72 
9.0 9.74 215.0 407.08 144.0 139.42 321.0 222.28 500.0 426.32 10.0 9.8 10.0 9.56 12.0 10.22 9.0 10.08 133.0 211.3 
10.0 9.76 310.0 411.7 122.0 140.08 139.0 220.98 254.0 427.78 10.0 9.78 10.0 9.58 9.0 10.2 8.0 10.08 140.0 210.62 
12.0 9.82 225.0 406.2 163.0 140.72 326.0 223.66 158.0 426.32 9.0 9.76 9.0 9.6 12.0 10.2 8.0 10.0 147.0 210.68 
9.0 9.8 215.0 400.5 167.0 142.2 353.0 227.02 500.0 430.24 13.0 9.84 9.0 9.6 11.0 10.26 10.0 10.02 155.0 210.98 
9.0 9.8 219.0 400.38 197.0 143.54 408.0 230.86 459.0 434.04 10.0 9.8 8.0 9.6 12.0 10.26 9.0 10.0 167.0 211.02 
8.0 9.76 33.0 391.04 147.0 144.74 413.0 235.06 484.0 438.04 8.0 9.78 9.0 9.58 9.0 10.18 12.0 10.06 173.0 211.78 
10.0 9.76 192.0 386.04 162.0 144.68 151.0 234.04 174.0 433.76 9.0 9.76 10.0 9.6 14.0 10.28 13.0 10.14 157.0 212.18 
10.0 9.78 182.0 379.68 168.0 145.56 484.0 239.38 500.0 436.4 10.0 9.76 10.0 9.6 9.0 10.24 9.0 10.12 167.0 211.8 
8.0 9.78 244.0 374.56 165.0 145.5 252.0 241.48 294.0 436.44 9.0 9.74 9.0 9.58 9.0 10.18 8.0 10.12 180.0 212.2 
8.0 9.76 213.0 368.82 165.0 146.62 340.0 243.62 420.0 438.9 11.0 9.72 9.0 9.56 15.0 10.28 11.0 10.16 166.0 212.1 
11.0 9.78 224.0 363.3 128.0 147.68 205.0 243.96 180.0 436.3 11.0 9.76 9.0 9.54 10.0 10.28 8.0 10.14 177.0 211.84 
8.0 9.74 263.0 358.56 172.0 148.38 178.0 243.64 180.0 434.06 10.0 9.76 10.0 9.54 10.0 10.3 10.0 10.12 175.0 211.96 
11.0 9.78 219.0 352.94 138.0 150.34 199.0 243.12 500.0 435.48 12.0 9.78 12.0 9.58 12.0 10.32 9.0 10.06 225.0 213.34 
10.0 9.78 238.0 347.7 172.0 152.82 139.0 242.16 179.0 432.2 9.0 9.76 11.0 9.62 8.0 10.28 9.0 10.04 193.0 213.48 
9.0 9.78 207.0 341.84 138.0 154.04 149.0 240.96 474.0 434.36 9.0 9.76 13.0 9.68 11.0 10.28 8.0 9.94 204.0 214.44 
9.0 9.76 25.0 332.34 150.0 151.62 132.0 240.06 386.0 432.74 10.0 9.76 11.0 9.72 10.0 10.28 10.0 9.9 196.0 213.62 
