28.0 28.0 13.0 13.0 47.0 47.0 13.0 13.0 33.0 33.0 15.0 15.0 15.0 15.0 27.0 27.0 20.0 20.0 38.0 38.0 
17.0 22.5 11.0 12.0 12.0 29.5 23.0 18.0 98.0 65.5 13.0 14.0 13.0 14.0 23.0 25.0 14.0 17.0 51.0 44.5 
15.0 20.0 25.0 16.333333333333332 14.0 24.333333333333332 24.0 20.0 18.0 49.666666666666664 12.0 13.333333333333334 12.0 13.333333333333334 28.0 26.0 14.0 16.0 28.0 39.0 
33.0 23.25 18.0 16.75 12.0 21.25 32.0 23.0 17.0 41.5 11.0 12.75 10.0 12.5 16.0 23.5 15.0 15.75 31.0 37.0 
26.0 23.8 14.0 16.2 18.0 20.6 20.0 22.4 28.0 38.8 40.0 18.2 12.0 12.4 32.0 25.2 16.0 15.8 23.0 34.2 
19.0 23.0 14.0 15.833333333333334 25.0 21.333333333333332 38.0 25.0 11.0 34.166666666666664 12.0 17.166666666666668 26.0 14.666666666666666 16.0 23.666666666666668 19.0 16.333333333333332 33.0 34.0 
30.0 24.0 23.0 16.857142857142858 14.0 20.285714285714285 16.0 23.714285714285715 44.0 35.57142857142857 16.0 17.0 13.0 14.428571428571429 30.0 24.571428571428573 17.0 16.428571428571427 10.0 30.571428571428573 
24.0 24.0 18.0 17.0 18.0 20.0 15.0 22.625 37.0 35.75 12.0 16.375 26.0 15.875 21.0 24.125 19.0 16.75 18.0 29.0 
13.0 22.77777777777778 36.0 19.11111111111111 23.0 20.333333333333332 11.0 21.333333333333332 11.0 33.0 11.0 15.777777777777779 12.0 15.444444444444445 24.0 24.11111111111111 15.0 16.555555555555557 11.0 27.0 
13.0 21.8 17.0 18.9 13.0 19.6 13.0 20.5 9.0 30.6 18.0 16.0 31.0 17.0 32.0 24.9 11.0 16.0 13.0 25.6 
20.0 21.636363636363637 24.0 19.363636363636363 13.0 19.0 12.0 19.727272727272727 13.0 29.0 19.0 16.272727272727273 19.0 17.181818181818183 22.0 24.636363636363637 32.0 17.454545454545453 9.0 24.09090909090909 
13.0 20.916666666666668 17.0 19.166666666666668 12.0 18.416666666666668 36.0 21.083333333333332 14.0 27.75 18.0 16.416666666666668 17.0 17.166666666666668 23.0 24.5 9.0 16.75 13.0 23.166666666666668 
16.0 20.53846153846154 14.0 18.76923076923077 9.0 17.692307692307693 16.0 20.692307692307693 24.0 27.46153846153846 18.0 16.53846153846154 14.0 16.923076923076923 17.0 23.923076923076923 12.0 16.384615384615383 13.0 22.384615384615383 
17.0 20.285714285714285 15.0 18.5 16.0 17.571428571428573 61.0 23.571428571428573 38.0 28.214285714285715 27.0 17.285714285714285 24.0 17.428571428571427 65.0 26.857142857142858 12.0 16.071428571428573 33.0 23.142857142857142 
10.0 19.6 11.0 18.0 16.0 17.466666666666665 24.0 23.6 11.0 27.066666666666666 12.0 16.933333333333334 15.0 17.266666666666666 30.0 27.066666666666666 39.0 17.6 19.0 22.866666666666667 
31.0 20.3125 33.0 18.9375 46.0 19.25 52.0 25.375 45.0 28.1875 16.0 16.875 36.0 18.4375 15.0 26.3125 12.0 17.25 36.0 23.6875 
10.0 19.705882352941178 21.0 19.058823529411764 13.0 18.88235294117647 16.0 24.823529411764707 15.0 27.41176470588235 15.0 16.764705882352942 17.0 18.352941176470587 63.0 28.470588235294116 31.0 18.058823529411764 14.0 23.11764705882353 
35.0 20.555555555555557 11.0 18.61111111111111 23.0 19.11111111111111 21.0 24.61111111111111 10.0 26.444444444444443 45.0 18.333333333333332 20.0 18.444444444444443 24.0 28.22222222222222 33.0 18.88888888888889 21.0 23.0 
33.0 21.210526315789473 19.0 18.63157894736842 19.0 19.105263157894736 28.0 24.789473684210527 15.0 25.842105263157894 9.0 17.842105263157894 68.0 21.05263157894737 28.0 28.210526315789473 33.0 19.63157894736842 23.0 23.0 
15.0 20.9 16.0 18.5 42.0 20.25 14.0 24.25 22.0 25.65 21.0 18.0 31.0 21.55 24.0 28.0 29.0 20.1 23.0 23.0 
39.0 21.761904761904763 15.0 18.333333333333332 22.0 20.333333333333332 26.0 24.333333333333332 13.0 25.047619047619047 13.0 17.761904761904763 35.0 22.19047619047619 41.0 28.61904761904762 10.0 19.61904761904762 20.0 22.857142857142858 
33.0 22.272727272727273 28.0 18.772727272727273 26.0 20.59090909090909 41.0 25.09090909090909 21.0 24.863636363636363 26.0 18.136363636363637 14.0 21.818181818181817 51.0 29.636363636363637 41.0 20.59090909090909 23.0 22.863636363636363 
15.0 21.956521739130434 36.0 19.52173913043478 19.0 20.52173913043478 40.0 25.73913043478261 14.0 24.391304347826086 12.0 17.869565217391305 14.0 21.47826086956522 25.0 29.434782608695652 19.0 20.52173913043478 14.0 22.47826086956522 
61.0 23.583333333333332 50.0 20.791666666666668 24.0 20.666666666666668 13.0 25.208333333333332 18.0 24.125 24.0 18.125 19.0 21.375 41.0 29.916666666666668 14.0 20.25 35.0 23.0 
11.0 23.08 17.0 20.64 26.0 20.88 27.0 25.28 30.0 24.36 48.0 19.32 14.0 21.08 23.0 29.64 22.0 20.32 15.0 22.68 
41.0 23.76923076923077 30.0 21.0 20.0 20.846153846153847 21.0 25.115384615384617 13.0 23.923076923076923 15.0 19.153846153846153 48.0 22.115384615384617 33.0 29.76923076923077 76.0 22.46153846153846 23.0 22.692307692307693 
33.0 24.11111111111111 25.0 21.14814814814815 21.0 20.85185185185185 21.0 24.962962962962962 13.0 23.51851851851852 47.0 20.185185185185187 44.0 22.925925925925927 71.0 31.296296296296298 37.0 23.0 42.0 23.40740740740741 
40.0 24.678571428571427 37.0 21.714285714285715 79.0 22.928571428571427 11.0 24.464285714285715 12.0 23.107142857142858 47.0 21.142857142857142 11.0 22.5 27.0 31.142857142857142 18.0 22.821428571428573 20.0 23.285714285714285 
20.0 24.517241379310345 38.0 22.275862068965516 29.0 23.137931034482758 37.0 24.896551724137932 12.0 22.724137931034484 68.0 22.75862068965517 10.0 22.06896551724138 21.0 30.79310344827586 12.0 22.448275862068964 27.0 23.413793103448278 
33.0 24.8 26.0 22.4 39.0 23.666666666666668 30.0 25.066666666666666 19.0 22.6 15.0 22.5 23.0 22.1 33.0 30.866666666666667 44.0 23.166666666666668 55.0 24.466666666666665 
16.0 24.516129032258064 23.0 22.419354838709676 31.0 23.903225806451612 20.0 24.903225806451612 12.0 22.258064516129032 84.0 24.483870967741936 15.0 21.870967741935484 34.0 30.967741935483872 27.0 23.29032258064516 17.0 24.225806451612904 
68.0 25.875 28.0 22.59375 18.0 23.71875 71.0 26.34375 58.0 23.375 27.0 24.5625 31.0 22.15625 38.0 31.1875 42.0 23.875 30.0 24.40625 
19.0 25.666666666666668 36.0 23.0 44.0 24.333333333333332 43.0 26.848484848484848 26.0 23.454545454545453 31.0 24.757575757575758 24.0 22.21212121212121 87.0 32.878787878787875 53.0 24.757575757575758 12.0 24.03030303030303 
20.0 25.5 48.0 23.735294117647058 22.0 24.264705882352942 55.0 27.676470588235293 20.0 23.352941176470587 40.0 25.205882352941178 31.0 22.470588235294116 33.0 32.88235294117647 21.0 24.647058823529413 72.0 25.441176470588236 
16.0 25.228571428571428 43.0 24.285714285714285 52.0 25.057142857142857 35.0 27.885714285714286 16.0 23.142857142857142 22.0 25.114285714285714 13.0 22.2 145.0 36.08571428571429 99.0 26.771428571428572 29.0 25.542857142857144 
20.0 25.083333333333332 20.0 24.166666666666668 46.0 25.63888888888889 16.0 27.555555555555557 15.0 22.916666666666668 13.0 24.77777777777778 18.0 22.083333333333332 33.0 36.0 59.0 27.666666666666668 28.0 25.61111111111111 
34.0 25.324324324324323 39.0 24.56756756756757 29.0 25.72972972972973 44.0 28.0 37.0 23.2972972972973 66.0 25.89189189189189 23.0 22.10810810810811 16.0 35.45945945945946 31.0 27.756756756756758 43.0 26.08108108108108 
15.0 25.05263157894737 34.0 24.81578947368421 50.0 26.36842105263158 20.0 27.789473684210527 45.0 23.86842105263158 50.0 26.526315789473685 22.0 22.105263157894736 63.0 36.18421052631579 28.0 27.763157894736842 29.0 26.157894736842106 
10.0 24.666666666666668 22.0 24.743589743589745 30.0 26.46153846153846 13.0 27.41025641025641 21.0 23.794871794871796 25.0 26.487179487179485 18.0 22.0 56.0 36.69230769230769 76.0 29.0 29.0 26.23076923076923 
18.0 24.5 35.0 25.0 48.0 27.0 76.0 28.625 45.0 24.325 20.0 26.325 37.0 22.375 37.0 36.7 12.0 28.575 29.0 26.3 
20.0 24.390243902439025 39.0 25.341463414634145 24.0 26.926829268292682 58.0 29.341463414634145 42.0 24.75609756097561 31.0 26.4390243902439 33.0 22.634146341463413 43.0 36.853658536585364 115.0 30.682926829268293 14.0 26.0 
44.0 24.857142857142858 15.0 25.095238095238095 35.0 27.11904761904762 40.0 29.595238095238095 29.0 24.857142857142858 23.0 26.357142857142858 14.0 22.428571428571427 56.0 37.30952380952381 36.0 30.80952380952381 66.0 26.952380952380953 
35.0 25.093023255813954 40.0 25.441860465116278 57.0 27.813953488372093 135.0 32.04651162790697 15.0 24.627906976744185 53.0 26.976744186046513 10.0 22.13953488372093 54.0 37.69767441860465 98.0 32.372093023255815 61.0 27.74418604651163 
21.0 25.0 18.0 25.272727272727273 44.0 28.181818181818183 42.0 32.27272727272727 35.0 24.863636363636363 38.0 27.227272727272727 15.0 21.977272727272727 16.0 37.20454545454545 87.0 33.61363636363637 43.0 28.09090909090909 
28.0 25.066666666666666 36.0 25.511111111111113 39.0 28.42222222222222 42.0 32.48888888888889 16.0 24.666666666666668 10.0 26.844444444444445 34.0 22.244444444444444 24.0 36.91111111111111 56.0 34.111111111111114 24.0 28.0 
11.0 24.76086956521739 49.0 26.02173913043478 52.0 28.934782608695652 114.0 34.26086956521739 40.0 25.0 30.0 26.91304347826087 52.0 22.891304347826086 53.0 37.26086956521739 58.0 34.630434782608695 54.0 28.565217391304348 
16.0 24.574468085106382 36.0 26.23404255319149 19.0 28.72340425531915 43.0 34.4468085106383 54.0 25.617021276595743 21.0 26.78723404255319 11.0 22.638297872340427 94.0 38.46808510638298 62.0 35.212765957446805 50.0 29.02127659574468 
31.0 24.708333333333332 16.0 26.020833333333332 77.0 29.729166666666668 34.0 34.4375 36.0 25.833333333333332 21.0 26.666666666666668 36.0 22.916666666666668 36.0 38.416666666666664 40.0 35.3125 25.0 28.9375 
33.0 24.877551020408163 24.0 25.979591836734695 15.0 29.428571428571427 19.0 34.12244897959184 17.0 25.653061224489797 17.0 26.46938775510204 31.0 23.081632653061224 36.0 38.36734693877551 17.0 34.93877551020408 46.0 29.285714285714285 
19.0 24.76 48.0 26.42 53.0 29.9 49.0 34.42 12.0 25.38 58.0 27.1 30.0 23.22 94.0 39.48 94.0 36.12 33.0 29.36 
15.0 24.5 45.0 27.06 57.0 30.1 46.0 35.08 32.0 25.36 24.0 27.28 55.0 24.02 94.0 40.82 19.0 36.1 46.0 29.52 
13.0 24.42 15.0 27.14 46.0 30.78 25.0 35.12 18.0 23.76 29.0 27.6 49.0 24.74 87.0 42.1 43.0 36.68 40.0 29.3 
47.0 25.06 25.0 27.14 65.0 31.8 117.0 36.98 15.0 23.7 117.0 29.7 30.0 25.1 84.0 43.22 54.0 37.48 49.0 29.72 
15.0 24.7 14.0 27.06 63.0 32.82 22.0 36.78 56.0 24.48 75.0 30.98 23.0 25.36 42.0 43.74 75.0 38.68 144.0 31.98 
18.0 24.54 32.0 27.42 13.0 32.72 19.0 36.76 72.0 25.36 16.0 30.5 45.0 26.02 31.0 43.72 27.0 38.9 44.0 32.4 
32.0 24.8 14.0 27.42 86.0 33.94 25.0 36.5 42.0 25.98 85.0 31.96 21.0 25.92 69.0 44.78 43.0 39.38 22.0 32.18 
18.0 24.56 22.0 27.4 37.0 34.4 77.0 37.72 44.0 25.98 17.0 31.98 22.0 26.1 31.0 44.8 100.0 41.04 25.0 32.48 
19.0 24.46 17.0 27.38 62.0 35.28 44.0 38.3 36.0 25.96 49.0 32.72 19.0 25.96 66.0 45.7 31.0 41.28 73.0 33.58 
32.0 24.84 39.0 27.44 43.0 35.68 107.0 40.22 49.0 26.72 52.0 33.54 26.0 26.24 134.0 47.9 55.0 42.08 36.0 34.08 
32.0 25.22 32.0 27.74 45.0 36.32 58.0 41.12 100.0 28.54 82.0 34.82 55.0 26.72 28.0 47.82 93.0 43.72 90.0 35.62 
16.0 25.14 150.0 30.26 44.0 36.94 58.0 42.04 44.0 29.16 68.0 35.8 11.0 26.56 80.0 48.98 23.0 43.54 69.0 36.82 
63.0 26.14 33.0 30.58 48.0 37.66 47.0 42.26 92.0 30.72 61.0 36.66 23.0 26.68 51.0 49.54 38.0 44.12 69.0 37.94 
38.0 26.58 26.0 30.82 63.0 38.74 46.0 42.86 44.0 31.12 68.0 37.66 17.0 26.74 109.0 51.38 42.0 44.72 63.0 38.94 
17.0 26.58 17.0 30.86 45.0 39.32 107.0 43.78 22.0 30.8 132.0 39.76 33.0 26.92 114.0 52.36 31.0 45.1 87.0 40.02 
26.0 26.9 94.0 32.52 67.0 40.34 32.0 43.94 58.0 31.74 114.0 41.8 11.0 26.84 100.0 53.76 206.0 48.44 111.0 41.86 
25.0 26.78 39.0 32.64 37.0 40.16 333.0 49.56 32.0 31.48 28.0 42.04 35.0 26.82 56.0 54.58 74.0 49.68 97.0 43.08 
33.0 27.24 24.0 32.7 35.0 40.6 37.0 49.98 41.0 32.0 142.0 44.58 21.0 26.9 31.0 53.94 44.0 49.94 132.0 45.44 
34.0 27.22 56.0 33.6 52.0 41.18 55.0 50.66 29.0 32.38 83.0 45.34 26.0 27.02 135.0 56.16 54.0 50.36 15.0 45.32 
70.0 27.96 41.0 34.04 31.0 41.42 66.0 51.42 52.0 33.12 149.0 48.14 79.0 27.24 89.0 57.38 76.0 51.22 80.0 46.46 
20.0 28.06 29.0 34.3 75.0 42.08 102.0 53.18 87.0 34.42 121.0 50.14 30.0 27.22 105.0 59.0 38.0 51.4 116.0 48.32 
76.0 28.8 66.0 35.32 63.0 42.9 102.0 54.7 53.0 35.22 96.0 51.8 12.0 26.76 182.0 61.82 169.0 54.58 125.0 50.42 
30.0 28.74 32.0 35.4 48.0 43.34 96.0 55.8 44.0 35.68 67.0 52.62 22.0 26.92 154.0 63.88 151.0 56.78 101.0 51.98 
63.0 29.7 17.0 35.02 96.0 44.88 35.0 55.7 158.0 38.56 87.0 54.12 34.0 27.32 29.0 63.96 300.0 62.4 198.0 55.66 
76.0 30.0 20.0 34.42 23.0 44.86 162.0 58.68 84.0 39.88 94.0 55.52 15.0 27.24 49.0 64.12 94.0 64.0 153.0 58.02 
79.0 31.36 16.0 34.4 31.0 44.96 111.0 60.36 77.0 40.82 54.0 55.64 19.0 27.34 94.0 65.54 95.0 65.46 109.0 59.9 
48.0 31.5 23.0 34.26 62.0 45.8 129.0 62.52 207.0 44.7 27.0 55.88 32.0 27.02 68.0 66.24 141.0 66.76 28.0 60.0 
43.0 31.7 61.0 34.98 83.0 47.04 55.0 63.2 192.0 48.28 51.0 55.96 15.0 26.44 35.0 65.52 54.0 67.1 96.0 61.08 
77.0 32.44 50.0 35.24 85.0 47.16 81.0 64.6 106.0 50.16 176.0 58.54 79.0 27.8 48.0 65.94 262.0 71.98 232.0 65.32 
19.0 32.42 36.0 35.2 46.0 47.5 121.0 66.28 20.0 50.32 124.0 59.66 66.0 28.92 140.0 68.32 124.0 74.22 69.0 66.16 
63.0 33.02 89.0 36.46 33.0 47.38 32.0 66.32 230.0 54.54 49.0 60.34 44.0 29.34 92.0 69.5 81.0 74.96 66.0 66.38 
31.0 33.32 41.0 36.82 86.0 48.48 68.0 67.28 61.0 55.52 129.0 61.24 35.0 29.74 90.0 70.62 141.0 77.24 114.0 68.32 
97.0 33.9 22.0 36.7 56.0 49.24 88.0 67.62 149.0 57.34 39.0 61.48 42.0 29.96 126.0 72.38 276.0 81.92 110.0 69.92 
21.0 33.94 34.0 36.66 75.0 49.86 103.0 68.82 75.0 58.32 86.0 62.58 15.0 29.78 104.0 72.72 57.0 82.0 239.0 74.46 
99.0 35.52 66.0 37.02 55.0 50.52 215.0 72.02 38.0 58.68 75.0 63.28 22.0 29.6 80.0 73.66 40.0 82.38 145.0 75.92 
17.0 35.54 63.0 37.42 117.0 51.82 41.0 72.14 77.0 59.9 48.0 63.8 36.0 30.06 52.0 71.8 115.0 82.7 183.0 79.0 
57.0 36.28 110.0 39.22 64.0 52.18 70.0 73.22 98.0 61.56 136.0 66.26 68.0 31.06 87.0 72.88 95.0 83.42 18.0 78.8 
16.0 35.92 48.0 39.4 111.0 53.82 64.0 73.62 204.0 64.9 74.0 66.42 39.0 31.38 124.0 75.04 94.0 84.68 24.0 78.42 
53.0 36.68 77.0 40.26 73.0 54.28 138.0 75.98 205.0 68.1 53.0 66.48 58.0 32.1 126.0 76.3 321.0 90.54 291.0 83.66 
73.0 37.94 53.0 40.88 36.0 54.4 89.0 77.5 240.0 72.48 128.0 68.54 90.0 33.54 72.0 76.62 113.0 91.28 163.0 86.34 
51.0 38.6 20.0 40.58 181.0 57.06 213.0 80.24 182.0 75.22 127.0 70.68 66.0 34.12 153.0 78.94 80.0 92.64 285.0 91.46 
18.0 38.56 88.0 41.56 36.0 57.3 193.0 82.94 137.0 77.12 84.0 71.74 15.0 33.76 140.0 80.88 98.0 92.3 87.0 92.92 
185.0 41.38 149.0 44.24 85.0 58.3 138.0 84.9 173.0 80.0 115.0 73.58 46.0 34.4 65.0 81.06 131.0 94.2 121.0 94.02 
135.0 43.38 134.0 46.12 63.0 58.42 109.0 84.38 105.0 81.8 85.0 74.22 80.0 35.8 93.0 81.84 117.0 94.58 111.0 95.02 
132.0 45.6 51.0 46.78 34.0 58.22 73.0 85.0 154.0 84.18 123.0 75.92 27.0 36.04 93.0 83.38 77.0 94.38 47.0 95.1 
54.0 46.12 36.0 46.78 30.0 58.04 138.0 86.92 148.0 86.82 29.0 76.3 40.0 36.16 33.0 83.56 240.0 98.06 136.0 97.34 
40.0 46.7 31.0 46.42 46.0 57.92 114.0 86.92 121.0 88.44 71.0 77.12 94.0 37.0 137.0 85.24 69.0 98.28 114.0 98.54 
157.0 49.52 51.0 46.72 74.0 59.02 45.0 86.96 35.0 88.06 112.0 78.94 196.0 40.7 110.0 85.56 83.0 98.7 105.0 99.64 
39.0 49.68 89.0 48.18 67.0 58.82 131.0 88.9 118.0 89.7 84.0 80.2 53.0 41.04 166.0 88.16 143.0 100.76 142.0 101.98 
70.0 50.42 147.0 50.64 126.0 61.04 60.0 89.72 56.0 90.48 79.0 81.44 73.0 41.88 152.0 90.48 70.0 101.82 109.0 103.24 
76.0 51.56 152.0 52.72 146.0 62.9 202.0 92.78 43.0 91.1 47.0 81.22 73.0 42.74 232.0 93.24 143.0 102.8 153.0 105.64 
22.0 51.7 58.0 52.98 29.0 62.34 180.0 95.46 38.0 91.22 52.0 81.78 48.0 42.6 148.0 94.32 84.0 104.1 92.0 106.56 
177.0 54.98 84.0 54.36 63.0 62.68 35.0 95.66 127.0 93.4 18.0 81.56 78.0 43.18 158.0 95.74 70.0 104.64 130.0 108.36 
214.0 58.32 45.0 54.76 72.0 62.82 65.0 94.62 167.0 96.44 41.0 80.04 74.0 44.06 66.0 95.38 120.0 105.96 141.0 110.2 
186.0 61.74 85.0 56.18 132.0 64.2 63.0 95.44 101.0 97.34 32.0 79.18 53.0 44.66 258.0 99.7 100.0 106.46 121.0 109.74 
108.0 63.54 13.0 55.8 135.0 66.64 135.0 97.76 119.0 98.28 112.0 81.1 155.0 46.86 95.0 100.98 59.0 107.1 41.0 109.68 
36.0 63.62 219.0 59.9 77.0 66.46 26.0 97.78 183.0 101.1 68.0 80.76 152.0 49.48 229.0 104.18 131.0 108.86 22.0 109.68 
124.0 65.74 38.0 60.22 85.0 67.42 97.0 98.18 165.0 103.52 133.0 83.08 142.0 51.88 195.0 107.46 51.0 107.88 357.0 116.32 
133.0 68.02 63.0 61.14 91.0 68.0 211.0 101.52 60.0 104.0 92.0 83.94 151.0 54.52 97.0 108.08 178.0 110.82 164.0 118.14 
80.0 68.98 88.0 62.12 264.0 72.42 70.0 100.78 42.0 103.86 211.0 87.12 271.0 59.42 110.0 107.6 83.0 111.38 135.0 120.12 
26.0 68.86 371.0 68.9 228.0 76.08 95.0 101.52 144.0 104.74 194.0 89.36 204.0 62.4 245.0 111.94 184.0 113.2 327.0 124.86 
80.0 70.14 167.0 69.24 103.0 77.26 52.0 101.4 49.0 104.84 261.0 93.22 32.0 62.82 155.0 113.44 55.0 113.84 245.0 128.38 
38.0 69.64 65.0 69.88 57.0 77.44 70.0 101.86 74.0 104.48 177.0 95.54 239.0 67.14 279.0 118.0 93.0 114.94 142.0 129.84 
80.0 70.48 194.0 73.24 175.0 79.68 174.0 104.42 50.0 104.6 85.0 95.88 403.0 74.86 108.0 117.98 253.0 119.16 233.0 133.24 
179.0 73.72 53.0 73.96 153.0 81.84 72.0 103.72 313.0 110.42 198.0 97.2 177.0 77.74 94.0 117.58 167.0 121.88 136.0 134.22 
261.0 78.42 78.0 73.64 83.0 82.16 79.0 104.66 80.0 110.86 180.0 98.52 145.0 80.42 240.0 120.38 36.0 118.48 135.0 134.7 
124.0 80.4 77.0 74.4 151.0 84.44 27.0 98.54 52.0 111.26 261.0 103.18 196.0 83.64 158.0 122.42 85.0 118.7 196.0 136.68 
37.0 80.48 66.0 75.24 207.0 87.88 40.0 98.6 185.0 114.14 149.0 103.32 39.0 84.0 181.0 125.42 217.0 122.16 367.0 141.38 
252.0 84.84 169.0 77.5 262.0 92.08 153.0 100.56 141.0 116.38 331.0 108.28 294.0 89.36 220.0 127.12 67.0 122.42 73.0 142.54 
360.0 90.64 59.0 77.86 188.0 95.22 57.0 100.38 117.0 117.68 500.0 115.3 215.0 92.08 45.0 126.24 144.0 123.78 214.0 145.22 
500.0 100.24 202.0 81.32 198.0 97.68 123.0 100.8 213.0 120.2 134.0 115.56 169.0 94.86 167.0 127.48 60.0 124.22 206.0 147.02 
213.0 102.98 69.0 81.38 248.0 101.38 216.0 103.08 37.0 119.88 134.0 116.32 42.0 95.46 164.0 127.12 146.0 123.76 226.0 149.04 
27.0 102.92 293.0 86.6 207.0 104.56 79.0 102.74 153.0 122.06 201.0 119.0 104.0 97.1 191.0 127.86 124.0 123.22 123.0 149.48 
211.0 105.88 132.0 88.9 170.0 106.04 49.0 103.02 220.0 123.3 415.0 125.56 253.0 101.48 157.0 130.42 126.0 119.74 226.0 150.04 
248.0 109.32 129.0 91.08 30.0 106.18 178.0 103.34 188.0 125.38 231.0 128.3 79.0 102.76 298.0 135.4 124.0 120.34 133.0 149.64 
124.0 110.22 294.0 96.64 121.0 107.98 70.0 102.52 65.0 125.14 130.0 129.82 116.0 104.7 181.0 137.14 50.0 119.44 251.0 152.48 
184.0 112.94 97.0 98.12 77.0 108.28 141.0 102.76 164.0 124.28 115.0 131.58 231.0 108.68 99.0 137.76 88.0 118.38 148.0 154.88 
167.0 115.42 195.0 100.8 72.0 108.06 259.0 106.84 204.0 124.52 234.0 135.24 147.0 111.32 249.0 142.04 136.0 120.02 61.0 154.18 
135.0 116.58 92.0 101.64 74.0 107.84 174.0 108.7 132.0 125.04 218.0 136.08 112.0 111.98 209.0 145.26 175.0 118.28 106.0 151.66 
110.0 118.4 81.0 102.54 162.0 110.16 148.0 109.24 119.0 127.02 26.0 134.12 167.0 114.0 436.0 151.18 132.0 118.44 77.0 151.82 
183.0 120.8 130.0 103.36 110.0 111.7 263.0 113.86 271.0 127.84 281.0 138.76 129.0 115.7 196.0 153.26 168.0 120.18 194.0 154.38 
205.0 124.28 206.0 106.66 177.0 113.52 90.0 114.3 332.0 133.26 227.0 140.72 145.0 117.9 110.0 153.66 194.0 121.24 254.0 157.18 
58.0 123.5 144.0 109.1 127.0 114.94 95.0 114.44 490.0 140.08 259.0 145.12 61.0 118.28 78.0 152.7 196.0 119.64 102.0 157.02 
47.0 124.02 108.0 110.58 213.0 117.7 143.0 115.24 197.0 142.52 259.0 148.58 140.0 120.78 171.0 154.04 172.0 121.94 191.0 156.06 
38.0 122.8 153.0 112.32 216.0 120.92 102.0 112.98 174.0 145.24 179.0 150.66 125.0 122.84 44.0 153.32 286.0 126.86 213.0 157.42 
185.0 126.16 197.0 115.0 206.0 122.7 172.0 115.6 236.0 148.42 98.0 151.66 123.0 124.58 153.0 155.34 232.0 129.2 251.0 158.78 
117.0 127.36 145.0 115.7 80.0 123.02 78.0 115.76 306.0 152.58 135.0 151.64 191.0 127.04 233.0 158.26 312.0 133.54 35.0 159.12 
132.0 129.68 214.0 119.02 400.0 128.8 181.0 118.1 88.0 150.26 96.0 152.08 193.0 130.12 109.0 157.96 289.0 137.44 146.0 161.56 
254.0 133.7 185.0 121.18 328.0 133.9 95.0 117.24 146.0 149.08 108.0 153.18 211.0 133.18 129.0 158.02 304.0 137.1 75.0 157.24 
166.0 135.56 90.0 121.92 121.0 135.6 128.0 118.02 176.0 147.8 97.0 152.56 114.0 133.66 217.0 160.92 446.0 143.76 157.0 157.12 
83.0 136.2 220.0 125.92 185.0 135.68 294.0 119.64 258.0 149.32 70.0 151.42 66.0 133.66 199.0 161.84 226.0 146.68 276.0 156.94 
138.0 138.6 167.0 127.5 390.0 142.76 211.0 120.0 237.0 151.32 108.0 151.9 135.0 136.06 116.0 161.36 235.0 149.42 171.0 158.62 
65.0 136.2 292.0 130.36 273.0 146.52 228.0 121.8 197.0 151.8 45.0 150.5 76.0 136.66 230.0 164.66 225.0 151.3 157.0 159.34 
129.0 136.08 200.0 131.68 207.0 149.4 168.0 122.98 168.0 153.06 151.0 151.82 226.0 139.58 326.0 169.32 211.0 153.18 179.0 160.7 
137.0 136.18 262.0 135.9 209.0 152.9 202.0 125.56 218.0 154.34 165.0 152.66 371.0 146.46 164.0 170.74 212.0 155.88 130.0 162.36 
191.0 138.92 283.0 140.84 148.0 155.26 110.0 125.0 262.0 156.62 136.0 154.8 278.0 151.22 498.0 180.04 147.0 154.02 208.0 163.8 
194.0 142.0 225.0 144.72 177.0 157.88 214.0 127.0 384.0 161.88 297.0 159.32 171.0 152.76 82.0 178.94 231.0 157.26 74.0 163.0 
188.0 142.62 189.0 147.48 429.0 164.98 191.0 129.92 130.0 163.78 162.0 160.32 161.0 152.06 217.0 181.08 212.0 159.84 93.0 162.76 
80.0 143.44 138.0 148.46 178.0 167.2 184.0 130.98 416.0 169.74 217.0 162.98 366.0 158.32 62.0 179.0 167.0 160.32 116.0 162.24 
298.0 148.0 185.0 149.22 111.0 166.9 211.0 134.0 343.0 175.48 189.0 165.18 91.0 158.68 98.0 177.92 170.0 162.32 392.0 167.9 
135.0 149.18 134.0 148.86 171.0 167.4 159.0 133.14 172.0 178.06 137.0 166.98 279.0 162.8 96.0 175.2 189.0 163.24 137.0 167.58 
171.0 152.16 195.0 151.6 236.0 171.54 190.0 133.34 217.0 181.64 198.0 169.9 300.0 167.84 86.0 173.96 331.0 168.18 353.0 172.8 
274.0 154.1 124.0 152.4 99.0 172.26 197.0 136.58 184.0 182.78 207.0 173.68 270.0 171.68 260.0 176.0 161.0 170.0 95.0 172.1 
78.0 151.38 157.0 154.64 122.0 173.26 176.0 138.8 228.0 184.0 130.0 175.46 245.0 175.1 79.0 176.26 256.0 172.72 63.0 170.54 
137.0 150.4 232.0 157.58 319.0 177.0 170.0 140.94 301.0 188.0 189.0 178.6 63.0 175.3 75.0 172.6 246.0 175.64 318.0 174.48 
198.0 152.2 117.0 159.66 116.0 176.62 244.0 143.12 146.0 188.54 163.0 179.62 324.0 178.68 110.0 172.9 252.0 179.5 500.0 183.66 
386.0 159.2 211.0 159.5 163.0 178.34 282.0 148.24 204.0 188.96 416.0 186.58 202.0 179.68 88.0 170.08 80.0 178.48 237.0 187.96 
220.0 161.12 142.0 161.58 192.0 180.48 106.0 148.42 409.0 193.84 210.0 188.12 219.0 181.22 26.0 166.7 321.0 183.88 122.0 183.26 
302.0 164.5 261.0 165.54 188.0 182.42 237.0 148.94 315.0 198.94 164.0 189.56 218.0 182.56 95.0 166.66 121.0 182.74 145.0 182.88 
181.0 166.52 91.0 165.6 25.0 177.64 235.0 152.24 394.0 205.98 321.0 191.76 153.0 180.2 25.0 164.96 18.0 181.44 203.0 184.24 
234.0 170.68 84.0 159.86 120.0 175.48 180.0 153.94 187.0 206.84 290.0 193.68 182.0 179.76 21.0 160.48 119.0 180.14 164.0 180.98 
195.0 172.98 243.0 161.38 112.0 175.66 175.0 156.4 157.0 209.0 460.0 197.66 190.0 182.92 76.0 158.9 124.0 181.52 336.0 182.8 
191.0 176.04 258.0 165.24 58.0 175.68 294.0 160.88 114.0 209.8 185.0 197.82 129.0 180.72 49.0 154.3 155.0 182.76 150.0 182.96 
210.0 178.64 182.0 165.0 113.0 174.44 128.0 159.96 159.0 211.98 179.0 199.7 135.0 175.36 17.0 152.48 124.0 180.18 155.0 181.4 
188.0 178.82 105.0 166.04 121.0 173.8 230.0 163.12 118.0 208.08 142.0 198.58 145.0 174.72 33.0 151.26 63.0 178.1 138.0 181.44 
151.0 176.62 256.0 169.6 103.0 174.2 93.0 163.4 114.0 208.76 197.0 198.92 131.0 174.44 89.0 148.24 72.0 178.82 151.0 181.76 
244.0 179.02 162.0 171.3 72.0 172.62 424.0 171.34 119.0 210.1 239.0 198.48 142.0 173.36 53.0 146.14 217.0 181.46 143.0 180.7 
242.0 183.12 203.0 174.04 97.0 170.42 484.0 180.22 75.0 207.9 203.0 199.56 149.0 175.56 87.0 144.26 370.0 184.52 138.0 176.12 
162.0 181.32 127.0 173.2 75.0 166.68 500.0 187.16 69.0 206.46 168.0 196.3 125.0 172.18 100.0 141.86 171.0 186.6 63.0 175.92 
217.0 178.46 89.0 173.8 49.0 163.9 500.0 196.02 125.0 206.62 147.0 189.24 136.0 170.6 146.0 143.88 221.0 188.14 192.0 175.48 
214.0 172.74 134.0 172.44 127.0 162.48 242.0 198.4 131.0 204.98 112.0 188.8 127.0 169.76 37.0 141.28 110.0 189.14 108.0 173.52 
97.0 170.42 61.0 172.28 175.0 161.02 500.0 204.08 62.0 205.48 67.0 187.46 164.0 172.2 25.0 138.5 211.0 190.44 67.0 170.34 
189.0 173.66 107.0 168.56 141.0 159.7 226.0 207.02 146.0 205.34 150.0 186.44 38.0 170.88 205.0 138.78 83.0 189.62 122.0 170.32 
166.0 172.76 174.0 169.4 170.0 159.7 231.0 210.66 220.0 205.34 137.0 180.88 140.0 168.62 136.0 138.36 81.0 188.72 159.0 168.98 
183.0 171.46 117.0 169.16 139.0 161.88 275.0 212.6 86.0 203.3 143.0 179.12 45.0 167.94 149.0 135.38 256.0 191.36 142.0 169.16 
181.0 172.6 115.0 165.58 188.0 163.22 245.0 216.1 212.0 206.24 179.0 180.1 189.0 169.4 160.0 134.96 431.0 198.98 160.0 167.34 
207.0 173.06 119.0 166.02 158.0 164.84 316.0 219.6 49.0 203.94 137.0 180.54 71.0 166.2 109.0 135.16 183.0 200.88 134.0 167.06 
229.0 174.3 44.0 163.0 145.0 166.3 241.0 219.24 200.0 203.86 159.0 179.04 145.0 166.16 192.0 134.02 226.0 202.68 166.0 169.16 
175.0 175.1 111.0 163.38 149.0 167.8 500.0 225.76 128.0 203.78 164.0 177.96 170.0 167.32 168.0 133.2 144.0 202.06 159.0 170.22 
187.0 176.64 111.0 163.98 121.0 166.98 226.0 227.32 120.0 203.8 143.0 180.3 284.0 169.66 224.0 128.96 147.0 202.36 114.0 170.96 
210.0 177.18 22.0 161.82 129.0 167.36 205.0 226.16 95.0 200.28 137.0 177.42 500.0 177.08 138.0 127.8 110.0 201.2 189.0 170.86 
151.0 176.1 131.0 160.32 148.0 166.78 228.0 228.92 65.0 194.94 106.0 175.0 228.0 178.74 236.0 130.32 91.0 199.14 67.0 167.12 
151.0 177.96 124.0 159.92 167.0 167.58 248.0 231.98 185.0 188.84 198.0 173.78 319.0 183.9 221.0 133.18 265.0 200.52 246.0 170.0 
201.0 181.04 138.0 160.52 137.0 166.06 372.0 236.56 203.0 188.96 170.0 172.0 109.0 183.28 340.0 136.56 145.0 199.98 207.0 170.32 
323.0 186.74 115.0 159.76 168.0 165.1 483.0 244.18 77.0 187.02 180.0 172.02 288.0 186.54 220.0 140.08 469.0 203.64 237.0 170.8 
215.0 187.34 154.0 158.9 181.0 164.6 475.0 250.24 92.0 184.14 201.0 174.08 141.0 186.9 186.0 140.74 332.0 205.64 173.0 169.24 
288.0 190.76 151.0 159.02 111.0 165.22 181.0 252.3 115.0 180.32 443.0 180.24 163.0 186.34 259.0 141.26 133.0 202.06 169.0 171.92 
281.0 193.74 122.0 157.18 128.0 159.78 242.0 253.52 219.0 182.94 160.0 181.52 425.0 190.98 220.0 143.48 349.0 203.26 236.0 173.72 
284.0 194.34 104.0 155.56 134.0 155.9 181.0 255.24 156.0 183.14 388.0 187.12 410.0 194.96 424.0 149.38 334.0 203.86 313.0 178.48 
168.0 194.38 142.0 156.6 147.0 156.42 174.0 256.16 150.0 182.62 500.0 195.18 354.0 199.76 373.0 152.5 352.0 201.98 459.0 184.52 
250.0 197.72 92.0 154.04 123.0 155.18 500.0 260.28 159.0 180.64 478.0 203.34 298.0 204.4 160.0 151.72 121.0 199.88 229.0 183.58 
195.0 198.86 94.0 152.58 138.0 150.14 486.0 265.78 76.0 177.42 276.0 206.7 89.0 203.48 500.0 159.4 307.0 201.32 500.0 190.16 
394.0 205.44 115.0 149.04 141.0 147.5 167.0 264.56 231.0 178.1 221.0 210.22 193.0 205.82 235.0 159.5 375.0 204.32 101.0 189.04 
196.0 206.78 145.0 147.94 158.0 146.52 323.0 267.66 500.0 184.74 500.0 217.2 348.0 208.26 177.0 156.52 237.0 204.84 251.0 190.48 
292.0 209.88 175.0 146.2 129.0 144.92 422.0 272.06 248.0 185.34 273.0 219.36 149.0 203.82 483.0 162.9 167.0 203.94 371.0 195.3 
498.0 216.02 135.0 143.24 159.0 145.14 204.0 273.94 365.0 187.4 234.0 221.32 500.0 208.26 500.0 162.94 171.0 204.42 99.0 193.12 
147.0 215.08 55.0 139.84 139.0 144.38 150.0 272.66 305.0 185.82 261.0 220.6 101.0 206.86 215.0 165.6 143.0 202.66 34.0 192.32 
397.0 219.26 146.0 138.98 144.0 138.68 89.0 270.62 330.0 189.82 170.0 220.76 123.0 206.1 342.0 168.1 223.0 202.88 329.0 197.04 
185.0 221.36 151.0 139.24 140.0 137.92 187.0 270.68 500.0 191.5 291.0 222.24 82.0 200.42 500.0 176.86 438.0 208.3 392.0 202.56 
234.0 220.08 185.0 139.24 170.0 139.1 323.0 272.92 248.0 189.6 317.0 224.8 224.0 203.08 500.0 184.9 214.0 209.18 365.0 202.02 
325.0 223.88 245.0 141.46 151.0 138.7 203.0 273.8 282.0 191.8 226.0 226.58 154.0 200.58 500.0 192.98 104.0 207.48 356.0 206.4 
204.0 224.54 500.0 147.56 188.0 137.74 179.0 273.58 153.0 190.52 318.0 228.98 206.0 198.7 437.0 200.0 229.0 205.44 348.0 206.3 
380.0 226.66 177.0 148.62 152.0 138.8 389.0 277.42 158.0 190.0 500.0 234.84 202.0 197.34 444.0 203.68 413.0 210.48 221.0 208.82 
210.0 229.3 237.0 150.22 244.0 141.24 80.0 275.5 216.0 189.76 284.0 237.92 276.0 197.96 336.0 208.82 106.0 207.48 249.0 212.54 
184.0 230.24 360.0 152.78 244.0 139.74 235.0 276.8 262.0 188.98 486.0 243.86 237.0 201.44 197.0 211.26 330.0 209.16 158.0 209.34 
500.0 236.28 245.0 155.34 197.0 141.36 115.0 274.22 345.0 192.96 270.0 246.0 336.0 201.68 278.0 214.62 494.0 214.0 310.0 205.54 
300.0 234.56 337.0 157.86 349.0 145.08 117.0 270.92 196.0 192.8 278.0 243.24 186.0 201.36 303.0 218.92 494.0 222.28 174.0 204.28 
264.0 235.44 389.0 162.8 319.0 147.62 338.0 275.56 405.0 192.72 419.0 247.42 209.0 201.16 203.0 222.46 421.0 224.28 207.0 205.98 
244.0 234.28 437.0 166.32 427.0 152.4 156.0 273.94 186.0 190.14 304.0 250.22 111.0 199.02 308.0 226.72 203.0 225.92 234.0 207.76 
197.0 234.6 255.0 169.6 297.0 157.84 262.0 274.48 259.0 187.44 211.0 248.02 266.0 201.28 185.0 229.92 106.0 227.68 228.0 208.26 
222.0 234.36 398.0 175.88 321.0 161.86 205.0 274.98 187.0 187.44 273.0 247.68 223.0 202.1 315.0 235.8 382.0 232.94 227.0 209.52 
237.0 235.2 343.0 177.88 234.0 164.3 230.0 276.08 202.0 188.34 115.0 240.78 141.0 201.12 188.0 238.04 316.0 236.78 160.0 206.0 
191.0 235.2 141.0 175.54 243.0 168.0 500.0 280.2 222.0 190.5 237.0 241.82 153.0 201.6 258.0 242.22 279.0 239.26 200.0 207.0 
345.0 237.9 500.0 181.9 284.0 171.42 241.0 282.46 132.0 189.96 174.0 241.72 147.0 201.84 87.0 243.62 234.0 241.46 261.0 209.12 
421.0 242.56 403.0 187.86 387.0 176.74 201.0 281.88 135.0 190.3 109.0 241.06 203.0 203.0 245.0 247.86 250.0 245.2 191.0 210.18 
268.0 244.9 323.0 189.2 350.0 181.68 500.0 290.02 177.0 191.56 205.0 241.22 146.0 203.3 237.0 250.82 106.0 245.88 200.0 211.16 
253.0 245.08 353.0 193.02 397.0 188.18 468.0 290.9 153.0 192.24 282.0 242.08 137.0 203.2 206.0 253.88 259.0 246.72 124.0 210.78 
285.0 245.94 500.0 198.96 359.0 193.42 311.0 287.44 137.0 193.48 438.0 246.78 149.0 203.2 198.0 256.1 260.0 244.52 151.0 211.04 
302.0 248.74 279.0 202.0 332.0 198.56 500.0 287.44 113.0 194.36 194.0 247.3 168.0 204.06 161.0 257.32 163.0 244.36 122.0 212.22 
220.0 248.8 373.0 207.68 274.0 203.06 154.0 280.52 110.0 194.06 253.0 249.42 228.0 205.9 242.0 259.24 297.0 245.88 158.0 211.54 
347.0 251.46 288.0 210.76 246.0 205.44 500.0 285.68 118.0 193.8 152.0 250.22 156.0 206.48 212.0 262.74 262.0 248.92 163.0 212.64 
185.0 253.22 252.0 214.58 261.0 207.16 500.0 285.68 141.0 195.38 263.0 254.14 135.0 205.9 226.0 266.76 163.0 247.96 112.0 213.54 
206.0 253.56 124.0 214.92 252.0 209.38 500.0 291.16 37.0 193.2 478.0 260.7 236.0 209.86 234.0 267.34 222.0 250.74 142.0 213.94 
234.0 254.92 326.0 217.96 216.0 210.3 327.0 293.08 121.0 191.22 303.0 264.02 206.0 211.18 150.0 267.62 303.0 255.18 131.0 213.38 
216.0 255.58 468.0 224.98 310.0 213.72 274.0 293.06 126.0 192.02 250.0 266.16 206.0 214.4 209.0 268.82 168.0 253.42 241.0 215.36 
215.0 256.26 164.0 225.96 233.0 214.62 274.0 293.64 121.0 190.2 170.0 265.98 265.0 215.92 312.0 271.86 150.0 247.8 399.0 220.14 
308.0 258.28 341.0 230.4 303.0 217.52 284.0 293.0 108.0 191.38 298.0 269.2 295.0 220.4 105.0 271.78 199.0 248.12 339.0 224.24 
363.0 260.96 500.0 239.52 311.0 220.84 264.0 293.46 74.0 188.86 182.0 269.66 44.0 218.38 108.0 270.1 147.0 246.54 274.0 226.4 
170.0 260.86 342.0 244.14 174.0 221.34 156.0 286.58 114.0 188.58 107.0 268.52 203.0 219.04 232.0 271.38 228.0 248.22 222.0 227.66 
267.0 262.46 127.0 244.46 370.0 226.32 326.0 288.58 74.0 187.66 386.0 273.38 236.0 218.08 159.0 270.08 241.0 250.1 124.0 227.86 
319.0 264.64 500.0 254.02 313.0 230.0 170.0 287.88 131.0 188.38 279.0 276.22 451.0 217.1 143.0 270.18 193.0 251.76 245.0 228.98 
184.0 265.3 363.0 258.66 302.0 233.08 172.0 286.76 137.0 189.82 304.0 280.18 494.0 222.42 123.0 267.92 290.0 255.74 208.0 231.8 
252.0 267.32 500.0 266.18 272.0 235.18 118.0 284.16 126.0 188.64 282.0 281.86 380.0 223.64 168.0 266.86 332.0 257.08 291.0 232.7 
217.0 267.64 500.0 273.42 349.0 239.42 121.0 279.14 109.0 186.76 216.0 282.78 249.0 226.44 215.0 264.36 403.0 262.24 193.0 232.42 
299.0 267.16 386.0 278.84 119.0 238.44 143.0 272.34 67.0 186.56 252.0 284.22 258.0 225.84 141.0 262.78 135.0 255.56 230.0 232.28 
295.0 268.76 500.0 285.76 500.0 244.82 132.0 265.48 119.0 187.1 472.0 289.64 247.0 227.96 177.0 262.6 500.0 258.92 171.0 232.24 
364.0 270.28 500.0 292.74 187.0 246.34 125.0 264.36 155.0 187.9 142.0 283.62 385.0 232.4 107.0 259.56 500.0 266.26 358.0 236.02 
314.0 270.94 168.0 293.66 500.0 253.78 138.0 262.28 146.0 186.44 240.0 285.22 323.0 230.36 178.0 258.72 251.0 264.3 241.0 236.12 
283.0 270.92 500.0 301.58 400.0 259.1 109.0 260.84 122.0 185.76 136.0 280.18 500.0 232.16 190.0 254.04 389.0 265.4 247.0 234.8 
329.0 274.14 313.0 305.0 500.0 266.16 135.0 260.06 143.0 185.62 149.0 273.16 228.0 229.64 228.0 251.14 153.0 261.42 404.0 233.7 
243.0 274.0 422.0 311.6 290.0 269.5 134.0 252.74 154.0 185.52 166.0 266.92 472.0 233.12 334.0 254.62 480.0 268.6 500.0 239.12 
285.0 275.8 267.0 315.06 316.0 273.06 127.0 245.56 177.0 187.54 157.0 264.54 500.0 241.34 101.0 246.64 463.0 271.72 325.0 235.62 
252.0 272.96 190.0 316.56 500.0 280.24 79.0 243.8 114.0 185.2 133.0 262.78 217.0 241.82 257.0 247.08 500.0 274.22 137.0 236.34 
198.0 273.0 334.0 320.34 351.0 284.1 105.0 239.44 193.0 179.06 37.0 253.52 464.0 244.14 322.0 249.98 94.0 271.36 500.0 241.32 
286.0 272.88 360.0 324.04 422.0 289.96 34.0 231.68 173.0 177.56 131.0 250.68 500.0 251.16 224.0 244.8 500.0 278.02 313.0 240.16 
222.0 267.36 372.0 328.78 305.0 292.88 117.0 229.94 130.0 172.86 108.0 248.16 247.0 246.1 153.0 237.86 334.0 281.28 112.0 240.42 
397.0 272.36 500.0 337.68 368.0 297.46 135.0 229.64 198.0 170.72 86.0 244.66 500.0 254.08 110.0 235.76 165.0 281.72 293.0 245.6 
500.0 274.42 500.0 344.76 380.0 302.18 148.0 230.82 217.0 168.46 45.0 242.16 407.0 259.76 500.0 238.92 500.0 287.26 364.0 246.3 
500.0 280.72 332.0 348.38 303.0 305.44 131.0 229.7 176.0 161.98 69.0 237.72 500.0 268.12 80.0 230.52 500.0 288.5 500.0 248.46 
500.0 286.04 500.0 354.68 200.0 306.04 122.0 225.68 248.0 161.98 113.0 233.64 282.0 269.28 148.0 223.48 340.0 291.02 500.0 251.16 
500.0 289.54 500.0 359.78 314.0 309.3 138.0 224.38 369.0 163.72 138.0 231.88 500.0 276.2 175.0 216.98 230.0 293.54 227.0 248.58 
477.0 295.0 469.0 359.16 281.0 311.16 128.0 223.36 394.0 168.54 44.0 226.4 128.0 274.64 258.0 213.4 385.0 296.66 369.0 249.0 
500.0 297.4 500.0 365.62 264.0 313.4 111.0 217.8 215.0 169.68 137.0 219.14 493.0 280.46 409.0 212.7 357.0 295.54 500.0 254.58 
432.0 301.84 305.0 366.98 238.0 313.28 123.0 218.66 335.0 172.06 57.0 214.6 500.0 284.94 344.0 212.86 500.0 303.42 196.0 253.52 
479.0 307.74 215.0 364.08 251.0 313.42 96.0 215.88 338.0 173.58 132.0 207.52 193.0 284.06 247.0 213.86 500.0 306.82 400.0 258.36 
399.0 305.72 466.0 368.5 294.0 315.36 46.0 214.5 323.0 173.14 200.0 206.12 236.0 282.06 314.0 214.58 500.0 306.94 500.0 262.16 
500.0 309.72 500.0 371.76 319.0 314.76 108.0 214.32 227.0 173.76 171.0 203.98 182.0 281.98 237.0 213.26 500.0 307.06 342.0 265.52 
388.0 312.2 500.0 373.98 182.0 312.02 148.0 210.52 374.0 173.14 218.0 199.96 500.0 287.8 233.0 213.86 463.0 307.9 452.0 270.42 
182.0 310.96 395.0 373.14 358.0 310.64 113.0 209.66 283.0 175.08 195.0 197.78 188.0 289.34 219.0 212.08 289.0 309.62 398.0 273.7 
308.0 313.18 174.0 371.52 255.0 309.8 49.0 205.4 280.0 175.5 195.0 197.46 203.0 288.08 242.0 213.22 374.0 314.98 349.0 276.12 
174.0 312.22 320.0 369.96 286.0 309.1 149.0 204.28 354.0 178.84 226.0 196.52 311.0 289.84 208.0 211.08 500.0 317.34 500.0 281.58 
500.0 317.48 162.0 366.34 328.0 310.98 109.0 201.86 311.0 181.02 173.0 197.68 490.0 296.82 136.0 210.04 98.0 312.98 500.0 288.38 
212.0 317.9 239.0 368.3 273.0 311.58 147.0 194.8 310.0 182.78 228.0 197.5 224.0 298.24 145.0 207.78 500.0 317.4 500.0 294.38 
500.0 321.0 51.0 359.32 358.0 313.06 174.0 193.46 183.0 183.8 241.0 198.84 500.0 305.3 203.0 210.1 128.0 315.28 500.0 299.16 
500.0 322.58 244.0 356.14 186.0 309.04 37.0 190.18 448.0 190.06 222.0 201.1 300.0 307.24 150.0 208.2 288.0 316.04 500.0 305.34 
500.0 327.22 235.0 354.38 314.0 308.32 209.0 184.36 440.0 195.32 256.0 202.12 248.0 309.28 175.0 206.96 500.0 323.92 500.0 311.34 
500.0 332.16 286.0 353.04 236.0 305.1 168.0 178.36 257.0 197.4 321.0 202.9 256.0 311.66 171.0 206.26 412.0 326.98 500.0 318.86 
441.0 335.28 245.0 347.94 266.0 303.24 171.0 175.56 343.0 201.52 264.0 199.42 277.0 314.22 134.0 204.98 145.0 324.68 469.0 325.22 
387.0 336.98 316.0 348.68 237.0 301.34 198.0 169.52 216.0 203.58 210.0 199.74 329.0 317.44 154.0 204.84 189.0 325.2 260.0 327.98 
465.0 341.88 387.0 348.96 293.0 301.72 176.0 169.96 258.0 206.54 289.0 200.46 173.0 316.34 169.0 203.38 371.0 326.68 325.0 331.32 
319.0 341.32 344.0 350.08 346.0 303.72 284.0 165.64 316.0 210.5 228.0 201.98 284.0 318.9 185.0 202.84 275.0 326.94 500.0 338.06 
477.0 347.16 411.0 353.26 274.0 303.98 238.0 160.4 389.0 215.46 238.0 201.48 293.0 322.06 178.0 201.88 312.0 329.92 303.0 341.88 
181.0 346.66 59.0 351.96 268.0 304.3 191.0 154.22 499.0 224.7 299.0 197.9 292.0 323.18 224.0 201.68 308.0 331.64 295.0 344.94 
143.0 344.84 458.0 354.6 185.0 303.68 200.0 151.68 500.0 232.28 303.0 197.9 360.0 326.26 172.0 202.12 369.0 332.96 171.0 345.74 
305.0 346.62 386.0 352.96 267.0 302.82 226.0 150.72 500.0 239.76 500.0 202.9 281.0 327.76 216.0 202.26 223.0 334.06 179.0 344.5 
488.0 352.08 475.0 359.18 321.0 304.58 210.0 149.44 209.0 241.52 500.0 209.5 500.0 332.46 223.0 200.48 341.0 337.88 220.0 340.92 
344.0 352.8 500.0 362.36 252.0 303.56 306.0 149.88 381.0 246.98 500.0 213.54 263.0 331.82 208.0 202.54 282.0 339.54 251.0 339.16 
377.0 353.08 498.0 362.32 316.0 303.66 207.0 148.74 277.0 251.04 352.0 216.94 479.0 340.52 244.0 205.26 500.0 346.6 221.0 338.1 
399.0 357.66 441.0 364.3 260.0 305.38 317.0 151.96 500.0 258.76 282.0 220.44 500.0 346.46 288.0 206.38 318.0 348.4 289.0 339.44 
493.0 362.18 333.0 368.42 223.0 302.44 364.0 152.72 500.0 267.28 500.0 222.72 500.0 351.74 303.0 209.26 118.0 345.94 495.0 346.86 
186.0 359.52 500.0 368.42 215.0 300.48 373.0 156.78 457.0 273.8 500.0 227.14 399.0 350.7 338.0 213.16 257.0 347.22 310.0 348.16 
313.0 362.1 314.0 367.44 155.0 297.54 402.0 161.38 500.0 281.06 500.0 231.06 500.0 350.82 230.0 215.3 334.0 348.1 324.0 350.48 
270.0 362.46 425.0 365.94 224.0 296.58 500.0 169.02 291.0 284.36 500.0 235.42 500.0 353.22 496.0 221.86 320.0 347.86 324.0 351.14 
342.0 364.96 425.0 364.44 233.0 294.26 441.0 175.42 500.0 292.18 500.0 241.1 285.0 353.94 456.0 226.68 133.0 342.46 500.0 357.28 
500.0 368.98 96.0 358.64 159.0 295.06 500.0 182.56 313.0 297.1 500.0 246.06 500.0 358.78 471.0 233.28 176.0 343.28 300.0 358.68 
385.0 370.78 481.0 358.26 166.0 288.38 500.0 189.92 500.0 304.72 286.0 242.34 500.0 363.84 500.0 239.74 357.0 340.42 445.0 364.16 
500.0 373.5 467.0 357.6 137.0 287.38 68.0 188.78 500.0 311.62 500.0 249.5 337.0 362.88 500.0 247.6 417.0 338.76 500.0 367.0 
500.0 377.22 500.0 364.24 159.0 280.56 500.0 196.02 252.0 313.74 425.0 253.2 210.0 360.62 128.0 246.6 341.0 340.56 500.0 372.18 
478.0 381.12 239.0 359.02 149.0 275.54 500.0 203.84 500.0 321.3 302.0 256.52 236.0 355.34 273.0 248.26 120.0 335.18 500.0 377.24 
350.0 381.54 332.0 359.4 179.0 269.12 500.0 211.14 500.0 328.44 475.0 263.04 500.0 360.78 424.0 252.18 250.0 337.12 103.0 371.22 
500.0 386.68 186.0 354.68 114.0 265.6 500.0 218.46 500.0 335.36 383.0 267.38 132.0 353.98 500.0 255.5 230.0 332.12 500.0 371.22 
500.0 390.98 167.0 352.68 140.0 262.08 369.0 223.3 500.0 341.82 500.0 274.24 129.0 346.56 329.0 260.06 251.0 327.88 500.0 374.72 
500.0 395.94 193.0 352.74 128.0 254.64 500.0 231.72 500.0 349.54 500.0 281.58 500.0 352.22 500.0 264.92 205.0 321.98 500.0 381.98 
500.0 401.98 177.0 349.6 113.0 249.88 403.0 237.68 261.0 350.9 406.0 288.96 500.0 352.94 144.0 261.36 182.0 323.74 500.0 381.98 
496.0 406.18 129.0 344.98 94.0 243.32 182.0 240.64 500.0 357.44 500.0 296.34 391.0 350.76 500.0 266.88 153.0 316.8 500.0 385.72 
264.0 407.02 119.0 339.92 101.0 239.24 500.0 248.3 232.0 359.48 500.0 304.18 379.0 353.4 450.0 272.82 133.0 312.78 500.0 393.48 
423.0 407.54 115.0 332.22 130.0 234.48 327.0 252.14 500.0 365.52 500.0 312.46 357.0 350.54 500.0 280.62 207.0 313.62 224.0 392.1 
386.0 405.26 141.0 325.04 109.0 229.06 445.0 258.08 500.0 371.18 500.0 321.56 318.0 348.76 409.0 278.8 166.0 306.94 243.0 389.68 
500.0 405.26 130.0 321.0 122.0 225.44 500.0 265.46 486.0 377.38 381.0 327.8 379.0 346.34 401.0 285.22 297.0 302.88 500.0 389.68 
500.0 405.26 97.0 312.94 92.0 223.28 500.0 273.02 229.0 377.0 500.0 335.54 500.0 350.7 319.0 288.64 310.0 302.28 180.0 383.28 
270.0 400.66 81.0 304.56 115.0 219.3 500.0 280.26 383.0 377.28 448.0 341.74 374.0 348.18 229.0 289.72 126.0 300.2 248.0 383.7 
209.0 395.3 135.0 297.88 112.0 215.92 423.0 286.16 240.0 374.2 500.0 350.86 388.0 353.38 212.0 288.8 268.0 297.86 180.0 379.92 
500.0 395.3 99.0 289.86 102.0 212.68 500.0 293.94 500.0 379.9 438.0 356.88 500.0 353.52 263.0 285.88 187.0 294.46 290.0 375.72 
353.0 393.72 75.0 285.26 133.0 210.58 330.0 298.08 500.0 383.2 500.0 365.74 500.0 353.52 223.0 283.46 269.0 289.84 104.0 373.88 
500.0 394.14 123.0 283.42 87.0 207.3 500.0 306.16 500.0 386.44 500.0 373.1 500.0 359.66 207.0 282.66 297.0 285.78 435.0 374.58 
386.0 393.88 137.0 276.84 140.0 204.22 500.0 315.24 344.0 386.86 500.0 379.1 500.0 364.94 250.0 281.38 339.0 282.56 478.0 374.14 
500.0 393.88 142.0 269.68 126.0 200.36 500.0 323.08 411.0 390.54 500.0 385.68 500.0 371.3 228.0 281.2 250.0 277.56 482.0 376.94 
194.0 390.0 132.0 262.32 128.0 199.28 500.0 330.12 473.0 392.52 172.0 384.76 500.0 371.3 258.0 281.7 469.0 277.68 499.0 377.88 
355.0 393.46 133.0 257.08 207.0 196.26 500.0 337.86 500.0 396.86 219.0 385.24 500.0 377.54 160.0 280.52 372.0 279.34 500.0 379.92 
500.0 397.3 129.0 256.18 108.0 193.32 500.0 346.88 500.0 401.26 349.0 388.32 363.0 380.74 207.0 279.82 303.0 277.92 135.0 375.64 
294.0 399.7 125.0 252.28 112.0 189.84 262.0 349.14 327.0 400.72 289.0 389.58 317.0 380.86 228.0 280.22 452.0 276.96 311.0 371.86 
500.0 399.7 125.0 251.54 139.0 186.06 372.0 354.4 500.0 404.5 305.0 392.22 475.0 380.56 243.0 282.36 408.0 283.16 297.0 367.8 
286.0 401.18 155.0 249.86 165.0 183.9 500.0 361.46 500.0 408.3 447.0 396.6 294.0 381.96 137.0 282.2 487.0 282.9 213.0 362.06 
344.0 398.06 132.0 251.48 119.0 179.12 334.0 364.66 377.0 412.18 256.0 396.9 500.0 381.96 258.0 283.3 228.0 284.9 331.0 358.68 
303.0 394.12 191.0 250.42 124.0 177.88 289.0 369.7 500.0 413.22 427.0 401.0 500.0 385.96 165.0 283.6 475.0 288.64 172.0 352.12 
188.0 387.88 221.0 250.14 134.0 174.28 500.0 375.52 481.0 414.04 352.0 402.92 500.0 391.0 219.0 284.48 500.0 288.64 151.0 345.14 
500.0 387.88 180.0 248.02 155.0 172.66 253.0 377.22 145.0 411.8 421.0 404.92 500.0 395.88 194.0 284.94 500.0 290.4 346.0 342.06 
500.0 389.06 300.0 249.12 122.0 169.78 482.0 383.44 375.0 412.44 362.0 406.88 500.0 400.34 208.0 286.42 500.0 297.5 500.0 342.68 
373.0 388.78 498.0 252.76 210.0 169.24 500.0 389.48 278.0 413.68 500.0 412.68 500.0 403.76 204.0 287.42 476.0 303.24 274.0 342.96 
325.0 385.98 357.0 252.16 201.0 167.4 500.0 395.96 500.0 418.52 500.0 416.9 500.0 410.3 198.0 288.0 500.0 305.82 500.0 346.46 
173.0 383.06 500.0 255.28 157.0 163.62 252.0 395.32 500.0 422.2 450.0 421.34 500.0 414.62 207.0 288.44 354.0 307.4 500.0 346.46 
500.0 383.52 500.0 257.06 230.0 162.74 343.0 397.42 500.0 424.42 500.0 426.58 370.0 416.16 243.0 289.74 258.0 306.32 358.0 347.56 
268.0 385.26 500.0 265.88 232.0 162.02 486.0 403.32 229.0 419.02 387.0 428.34 500.0 420.32 220.0 289.66 500.0 310.16 238.0 346.42 
500.0 392.4 335.0 263.42 269.0 163.7 196.0 403.24 500.0 419.02 482.0 431.92 500.0 423.12 342.0 293.06 500.0 312.78 266.0 348.32 
234.0 390.98 199.0 259.68 122.0 160.8 477.0 408.26 500.0 419.02 358.0 429.08 463.0 426.76 189.0 292.52 500.0 318.32 500.0 354.74 
277.0 386.76 474.0 259.66 238.0 159.14 391.0 411.88 500.0 424.84 500.0 429.08 500.0 426.76 266.0 293.38 299.0 317.48 231.0 354.96 
157.0 383.02 373.0 257.12 355.0 161.2 500.0 415.76 360.0 424.42 500.0 429.08 500.0 431.5 310.0 295.42 424.0 320.32 393.0 357.8 
162.0 378.72 251.0 252.18 458.0 164.04 500.0 421.62 500.0 428.88 332.0 428.68 500.0 431.92 208.0 294.7 233.0 314.98 336.0 360.1 
200.0 374.74 184.0 247.04 434.0 167.52 367.0 422.62 277.0 424.42 500.0 433.04 500.0 431.92 224.0 293.42 332.0 315.26 178.0 357.88 
134.0 367.56 260.0 245.58 351.0 170.08 172.0 418.78 500.0 424.42 500.0 433.04 425.0 430.42 291.0 293.18 281.0 318.52 228.0 352.54 
147.0 366.78 185.0 239.28 500.0 175.78 500.0 421.32 500.0 425.28 500.0 433.04 500.0 432.44 326.0 292.94 500.0 323.38 198.0 350.3 
125.0 363.02 187.0 236.74 500.0 182.68 471.0 422.7 500.0 425.28 500.0 433.04 500.0 432.44 94.0 290.22 500.0 326.7 391.0 351.64 
121.0 360.04 249.0 233.22 500.0 188.2 366.0 420.02 500.0 429.46 137.0 425.78 500.0 432.44 324.0 286.78 500.0 330.3 362.0 352.4 
98.0 355.16 146.0 227.64 466.0 192.86 500.0 421.2 142.0 422.3 500.0 425.78 291.0 432.56 394.0 285.54 407.0 335.78 500.0 352.4 
138.0 347.92 202.0 229.76 500.0 199.68 373.0 418.66 460.0 425.24 402.0 423.82 500.0 432.56 243.0 280.98 500.0 342.26 500.0 356.4 
38.0 340.98 183.0 223.8 198.0 200.32 500.0 418.66 177.0 418.78 500.0 428.1 500.0 432.56 357.0 278.12 491.0 344.94 500.0 357.5 
81.0 332.6 132.0 217.1 500.0 207.58 500.0 427.3 190.0 412.58 435.0 426.8 500.0 435.82 270.0 273.52 448.0 345.56 500.0 357.5 
78.0 324.16 113.0 209.36 483.0 214.06 500.0 427.3 500.0 417.54 426.0 426.82 385.0 439.32 337.0 277.7 500.0 348.74 500.0 357.5 
148.0 317.56 162.0 207.82 500.0 221.08 188.0 421.06 135.0 410.24 297.0 426.72 500.0 444.6 500.0 282.24 383.0 354.0 500.0 357.5 
79.0 312.14 115.0 203.48 273.0 222.96 447.0 420.0 497.0 410.18 276.0 422.74 500.0 444.6 391.0 281.58 500.0 359.0 481.0 365.06 
60.0 303.34 137.0 202.5 500.0 230.68 500.0 420.0 500.0 410.18 123.0 417.54 427.0 450.5 500.0 281.58 500.0 364.4 420.0 363.46 
120.0 295.74 117.0 201.5 486.0 237.6 500.0 422.62 500.0 410.18 308.0 413.7 273.0 453.38 230.0 279.6 500.0 369.38 500.0 363.46 
133.0 288.4 105.0 199.74 339.0 241.82 500.0 422.62 404.0 408.26 500.0 413.7 500.0 453.38 500.0 279.6 440.0 374.08 427.0 362.0 
119.0 280.78 44.0 197.08 349.0 246.54 500.0 424.56 500.0 413.04 305.0 411.68 500.0 453.38 233.0 281.38 500.0 380.44 500.0 362.0 
113.0 273.12 108.0 196.66 411.0 252.88 427.0 429.46 172.0 406.48 500.0 411.68 360.0 452.76 203.0 275.44 500.0 387.38 440.0 360.8 
120.0 270.24 101.0 196.3 303.0 256.92 500.0 429.46 385.0 409.54 291.0 407.5 500.0 455.18 296.0 272.36 500.0 394.72 500.0 360.8 
70.0 263.18 133.0 196.66 273.0 259.78 500.0 432.92 264.0 404.82 372.0 404.94 307.0 454.18 197.0 266.3 500.0 400.58 500.0 366.32 
43.0 256.32 97.0 195.78 471.0 267.02 500.0 434.02 357.0 401.96 415.0 403.24 312.0 454.06 486.0 267.84 500.0 407.26 500.0 371.46 
131.0 248.94 117.0 195.52 432.0 273.22 499.0 434.0 396.0 400.16 146.0 398.54 291.0 452.3 432.0 268.46 500.0 411.32 500.0 371.46 
126.0 241.46 97.0 195.52 381.0 279.0 500.0 434.0 389.0 403.36 500.0 398.54 195.0 446.2 268.0 267.44 500.0 415.12 157.0 371.0 
139.0 238.84 110.0 196.1 264.0 281.98 342.0 430.84 296.0 401.62 415.0 397.88 253.0 443.78 412.0 271.1 500.0 422.6 281.0 371.66 
147.0 237.6 145.0 196.3 500.0 289.74 449.0 431.36 500.0 406.82 413.0 396.14 150.0 439.02 500.0 276.86 500.0 427.24 338.0 374.82 
170.0 231.0 143.0 197.18 483.0 297.36 500.0 431.36 260.0 402.02 500.0 397.38 115.0 431.32 144.0 274.48 500.0 433.5 352.0 376.06 
103.0 226.0 150.0 198.68 369.0 302.08 470.0 434.16 115.0 394.32 438.0 396.14 299.0 427.3 500.0 280.02 500.0 438.12 382.0 381.62 
136.0 218.72 134.0 198.9 483.0 310.0 500.0 434.16 500.0 394.32 153.0 389.2 327.0 423.84 500.0 285.88 500.0 442.18 247.0 377.86 
127.0 213.54 132.0 198.8 472.0 316.64 500.0 434.16 451.0 396.46 137.0 381.94 348.0 420.8 385.0 288.58 500.0 445.4 359.0 375.48 
186.0 207.26 167.0 199.3 148.0 317.08 412.0 432.4 500.0 398.24 132.0 374.58 158.0 413.96 398.0 291.98 500.0 450.4 203.0 369.9 
110.0 205.58 148.0 199.62 452.0 323.56 500.0 432.4 500.0 398.78 338.0 377.9 460.0 413.16 500.0 296.82 500.0 451.02 208.0 364.08 
176.0 202.0 142.0 199.8 394.0 327.3 500.0 432.4 500.0 398.78 131.0 376.14 405.0 411.26 500.0 303.62 500.0 453.58 44.0 354.96 
133.0 194.66 191.0 201.04 500.0 335.14 320.0 428.8 500.0 398.78 115.0 371.46 464.0 413.28 500.0 309.48 397.0 455.46 334.0 358.94 
91.0 190.6 186.0 202.26 483.0 342.56 386.0 431.28 500.0 402.24 156.0 368.8 213.0 411.2 500.0 314.92 500.0 456.42 247.0 357.66 
114.0 182.88 147.0 202.7 374.0 347.26 432.0 432.48 500.0 402.24 137.0 365.44 345.0 408.6 500.0 320.06 500.0 458.26 287.0 357.46 
134.0 179.84 135.0 202.3 430.0 352.56 500.0 432.48 500.0 402.24 123.0 358.96 500.0 412.72 247.0 322.26 500.0 458.52 297.0 359.14 
119.0 175.34 155.0 202.76 484.0 359.86 500.0 435.8 500.0 404.7 114.0 356.12 224.0 407.2 197.0 321.04 500.0 463.96 438.0 361.28 
117.0 171.62 166.0 202.26 208.0 361.54 483.0 439.68 500.0 404.7 136.0 350.3 500.0 407.2 446.0 326.66 500.0 464.46 178.0 361.4 
109.0 170.04 144.0 200.72 163.0 362.12 500.0 439.68 500.0 405.08 132.0 345.9 500.0 407.2 500.0 332.28 500.0 464.46 449.0 367.36 
89.0 161.82 119.0 199.5 500.0 369.02 449.0 443.6 500.0 412.18 150.0 340.48 325.0 403.7 500.0 338.4 263.0 459.72 462.0 369.68 
68.0 153.18 100.0 195.5 500.0 376.58 192.0 437.8 500.0 414.68 134.0 335.92 320.0 400.1 408.0 342.4 500.0 459.72 225.0 364.18 
96.0 147.64 140.0 188.34 500.0 382.38 500.0 437.8 500.0 419.12 111.0 328.14 500.0 400.1 500.0 348.32 500.0 460.2 116.0 361.02 
90.0 142.94 124.0 183.68 500.0 388.36 500.0 437.8 500.0 419.12 127.0 320.68 500.0 400.1 500.0 354.36 500.0 460.2 340.0 357.82 
112.0 141.72 136.0 176.4 500.0 395.22 367.0 440.1 500.0 419.12 135.0 314.38 425.0 398.6 298.0 356.18 500.0 463.12 207.0 351.96 
63.0 132.98 70.0 167.8 488.0 400.38 388.0 441.0 464.0 418.4 131.0 307.0 380.0 398.8 500.0 361.32 500.0 467.96 352.0 351.84 
80.0 129.22 128.0 160.36 500.0 405.74 500.0 441.28 500.0 423.82 105.0 301.36 500.0 398.8 440.0 365.72 500.0 467.96 218.0 351.44 
74.0 120.7 91.0 155.48 500.0 410.36 500.0 447.36 500.0 423.82 113.0 293.98 150.0 391.8 249.0 363.86 500.0 467.96 500.0 356.12 
120.0 118.42 111.0 153.72 148.0 410.88 500.0 447.82 500.0 423.82 56.0 287.94 262.0 387.78 292.0 365.92 500.0 467.96 500.0 356.12 
62.0 114.12 89.0 146.02 500.0 416.12 500.0 450.0 500.0 423.82 135.0 280.64 119.0 380.16 195.0 364.5 500.0 471.98 318.0 357.86 
99.0 112.96 110.0 140.76 500.0 419.02 500.0 450.0 500.0 426.62 106.0 272.76 115.0 372.46 215.0 362.6 275.0 469.0 500.0 360.0 
133.0 112.38 44.0 136.62 500.0 419.86 500.0 450.0 500.0 426.62 63.0 267.38 167.0 365.8 142.0 361.28 500.0 474.34 500.0 363.28 
149.0 111.36 37.0 133.68 500.0 421.18 500.0 452.66 500.0 431.08 75.0 258.88 178.0 359.36 138.0 359.56 500.0 477.7 500.0 369.72 
162.0 111.92 99.0 130.46 500.0 424.16 500.0 459.22 415.0 429.38 58.0 250.04 165.0 354.16 123.0 356.2 424.0 480.56 370.0 372.56 
214.0 113.26 42.0 127.6 500.0 424.16 500.0 459.22 313.0 425.64 44.0 240.92 160.0 347.36 174.0 353.16 500.0 480.56 500.0 378.6 
115.0 113.06 58.0 125.02 399.0 422.14 500.0 459.8 260.0 420.84 88.0 232.68 173.0 340.82 179.0 354.86 500.0 480.56 250.0 375.78 
167.0 113.98 115.0 122.34 500.0 422.14 469.0 461.86 265.0 416.14 72.0 231.38 163.0 334.08 121.0 350.8 500.0 480.56 231.0 373.16 
264.0 117.3 105.0 121.52 468.0 422.18 500.0 461.86 213.0 417.56 70.0 222.78 215.0 332.56 176.0 346.44 500.0 482.42 500.0 373.16 
309.0 120.72 154.0 120.56 247.0 417.12 172.0 457.84 229.0 412.94 46.0 215.66 122.0 325.0 119.0 343.96 307.0 478.56 500.0 373.16 
229.0 124.54 122.0 119.34 368.0 420.52 500.0 457.84 206.0 413.52 50.0 206.66 167.0 318.34 141.0 339.64 500.0 478.74 241.0 367.98 
410.0 131.12 143.0 119.56 457.0 419.66 500.0 457.84 238.0 414.48 89.0 199.74 220.0 312.74 121.0 336.66 500.0 479.78 500.0 367.98 
327.0 136.1 169.0 120.68 500.0 420.0 500.0 457.84 280.0 410.08 40.0 192.02 166.0 308.36 120.0 332.32 465.0 479.08 122.0 360.42 
373.0 140.6 52.0 118.48 500.0 420.0 500.0 464.08 162.0 410.62 144.0 188.96 145.0 301.26 81.0 323.94 500.0 481.42 500.0 360.42 
500.0 149.02 155.0 119.28 246.0 419.46 500.0 465.14 203.0 404.74 131.0 186.06 134.0 293.94 137.0 318.86 500.0 481.42 321.0 357.22 
337.0 154.56 187.0 120.28 500.0 419.46 500.0 465.14 215.0 399.04 126.0 186.12 163.0 288.66 115.0 311.16 500.0 481.42 500.0 358.82 
500.0 162.16 147.0 120.88 498.0 419.7 500.0 465.14 239.0 393.82 46.0 180.88 176.0 286.72 182.0 310.2 500.0 481.42 376.0 356.34 
500.0 169.5 146.0 121.7 500.0 422.92 219.0 459.52 251.0 390.76 138.0 173.64 162.0 279.96 127.0 302.74 361.0 479.84 500.0 357.8 
500.0 177.12 158.0 123.98 306.0 422.06 311.0 455.74 187.0 384.5 118.0 169.9 133.0 272.62 153.0 301.14 500.0 479.84 500.0 357.8 
500.0 184.86 188.0 125.58 500.0 423.84 500.0 457.2 207.0 385.2 128.0 162.46 124.0 267.9 163.0 300.34 500.0 479.84 384.0 356.68 
309.0 188.64 193.0 127.42 321.0 424.2 499.0 457.18 184.0 381.18 159.0 159.82 152.0 260.94 174.0 297.9 479.0 479.42 500.0 356.68 
189.0 191.02 151.0 127.78 500.0 428.74 377.0 454.72 186.0 379.62 236.0 157.1 132.0 257.44 154.0 297.04 324.0 475.9 500.0 356.68 
500.0 200.16 178.0 129.4 442.0 428.16 500.0 454.72 218.0 376.84 167.0 152.14 146.0 254.12 192.0 291.16 500.0 475.9 500.0 356.68 
500.0 207.54 204.0 131.14 418.0 427.88 226.0 449.26 223.0 373.38 173.0 152.68 146.0 251.22 203.0 286.58 375.0 473.4 358.0 353.84 
418.0 213.38 220.0 133.6 313.0 426.52 194.0 443.14 216.0 369.92 257.0 147.82 114.0 249.6 127.0 283.76 428.0 471.96 315.0 357.0 
441.0 219.42 212.0 135.64 358.0 428.4 200.0 440.3 332.0 370.64 289.0 145.3 105.0 246.64 198.0 279.48 348.0 468.92 500.0 361.38 
237.0 221.22 279.0 138.32 260.0 423.6 105.0 433.42 284.0 366.32 349.0 144.02 152.0 246.68 238.0 274.24 500.0 468.92 500.0 364.62 
160.0 221.02 341.0 142.28 380.0 421.54 141.0 426.24 308.0 367.28 500.0 144.02 114.0 246.66 227.0 275.9 139.0 461.7 500.0 367.58 
196.0 222.88 279.0 144.86 295.0 420.06 123.0 419.3 220.0 369.38 442.0 144.1 79.0 242.26 365.0 273.2 340.0 458.5 500.0 369.94 
154.0 223.24 275.0 147.68 295.0 416.3 118.0 411.66 336.0 366.1 485.0 150.74 104.0 237.8 274.0 268.68 500.0 458.5 146.0 367.92 
209.0 224.88 261.0 150.26 272.0 412.3 161.0 404.88 287.0 362.82 500.0 158.0 110.0 233.04 218.0 265.34 168.0 451.86 500.0 370.74 
192.0 225.0 488.0 156.68 213.0 413.6 107.0 398.78 500.0 362.82 500.0 165.36 127.0 232.42 347.0 264.32 395.0 449.76 500.0 376.68 
203.0 226.86 463.0 162.98 202.0 408.6 144.0 391.66 500.0 362.82 500.0 168.6 118.0 225.58 326.0 260.84 334.0 446.44 349.0 379.5 
264.0 228.62 299.0 166.12 134.0 403.4 92.0 383.5 500.0 362.82 500.0 175.98 109.0 219.66 234.0 255.52 500.0 446.44 253.0 383.68 
237.0 230.7 500.0 172.3 199.0 397.38 109.0 379.28 500.0 362.82 417.0 182.02 106.0 212.5 271.0 250.94 161.0 441.72 268.0 382.36 
256.0 234.0 500.0 178.58 178.0 391.28 110.0 373.76 500.0 362.82 500.0 188.9 120.0 210.64 221.0 245.36 366.0 439.04 438.0 386.18 
206.0 235.84 388.0 183.4 173.0 387.26 76.0 366.64 500.0 362.82 480.0 195.76 111.0 205.96 196.0 239.28 394.0 436.92 408.0 388.6 
215.0 237.46 500.0 190.7 160.0 381.86 143.0 359.5 500.0 362.82 500.0 203.3 143.0 198.82 389.0 242.12 325.0 433.42 403.0 390.72 
247.0 240.02 500.0 197.6 136.0 374.9 129.0 352.08 500.0 362.82 500.0 211.02 136.0 197.06 293.0 244.04 500.0 433.42 500.0 391.96 
230.0 242.28 500.0 204.28 144.0 373.62 190.0 346.22 500.0 362.82 500.0 218.3 136.0 189.78 250.0 240.12 500.0 433.42 426.0 396.92 
286.0 245.82 500.0 211.4 114.0 372.64 133.0 338.88 500.0 362.82 448.0 224.62 103.0 181.84 260.0 235.32 392.0 431.26 380.0 395.54 
277.0 249.58 500.0 219.02 112.0 364.88 176.0 333.42 500.0 362.82 396.0 229.54 132.0 177.98 319.0 231.7 500.0 436.0 500.0 396.3 
379.0 255.8 500.0 227.02 104.0 356.96 118.0 331.94 500.0 362.82 325.0 233.36 135.0 174.28 207.0 227.68 345.0 432.9 500.0 401.8 
243.0 258.74 500.0 234.22 105.0 349.06 117.0 324.28 500.0 362.82 415.0 239.44 135.0 166.98 272.0 223.12 310.0 429.1 93.0 401.34 
427.0 265.48 500.0 241.74 102.0 341.1 110.0 316.48 500.0 362.82 433.0 245.56 155.0 160.08 237.0 217.86 385.0 426.8 500.0 404.54 
405.0 271.34 500.0 249.02 108.0 333.26 157.0 312.28 500.0 362.82 351.0 249.88 172.0 155.02 286.0 217.62 390.0 424.6 195.0 404.3 
500.0 280.08 500.0 257.62 124.0 325.98 166.0 307.84 500.0 363.54 392.0 255.1 158.0 150.58 277.0 213.16 500.0 424.6 334.0 403.94 
500.0 288.48 500.0 265.06 120.0 318.38 157.0 300.98 500.0 363.54 407.0 261.14 131.0 143.2 346.0 211.28 500.0 424.6 315.0 405.88 
500.0 297.0 500.0 273.24 117.0 310.72 180.0 294.58 500.0 363.54 500.0 268.88 140.0 143.0 291.0 212.12 500.0 424.6 144.0 398.76 
500.0 304.6 500.0 281.02 19.0 308.14 194.0 288.46 500.0 363.54 500.0 277.76 186.0 141.48 231.0 210.9 500.0 424.6 325.0 395.26 
500.0 313.36 459.0 288.42 27.0 298.68 124.0 280.94 500.0 363.54 500.0 285.06 153.0 142.16 301.0 213.02 500.0 424.6 280.0 394.5 
350.0 318.38 500.0 296.22 122.0 291.12 202.0 274.98 500.0 363.54 458.0 292.1 159.0 143.04 379.0 216.3 500.0 429.1 273.0 389.96 
500.0 325.72 500.0 305.34 97.0 283.06 171.0 268.4 500.0 363.54 500.0 300.84 146.0 142.62 303.0 219.52 500.0 429.1 253.0 385.02 
242.0 327.58 500.0 314.6 120.0 275.46 154.0 261.48 500.0 363.54 500.0 309.34 154.0 142.14 380.0 224.36 457.0 428.24 422.0 383.46 
315.0 330.64 411.0 320.84 120.0 267.86 205.0 255.58 500.0 365.24 500.0 318.18 152.0 141.88 290.0 227.7 500.0 429.76 380.0 383.66 
500.0 336.36 500.0 330.0 109.0 260.04 189.0 249.36 500.0 368.98 500.0 327.3 137.0 141.42 327.0 230.76 500.0 429.76 243.0 378.52 
500.0 344.06 500.0 338.84 117.0 254.4 186.0 243.08 500.0 373.78 500.0 335.54 128.0 140.52 500.0 237.18 500.0 429.76 391.0 381.34 
500.0 350.72 500.0 346.54 95.0 246.3 152.0 236.74 500.0 378.48 500.0 344.1 149.0 140.24 319.0 241.14 500.0 429.76 383.0 384.38 
500.0 355.44 500.0 354.44 101.0 238.96 159.0 229.92 500.0 384.22 500.0 352.7 156.0 139.06 500.0 247.62 500.0 429.76 321.0 380.8 
500.0 359.26 500.0 361.36 48.0 234.98 161.0 229.7 500.0 389.64 500.0 361.78 126.0 139.14 285.0 250.94 500.0 433.62 281.0 376.42 
438.0 363.44 500.0 368.92 35.0 228.32 170.0 223.1 500.0 395.52 500.0 370.78 151.0 138.82 458.0 257.28 490.0 433.42 386.0 379.32 
500.0 365.24 500.0 376.06 107.0 221.32 45.0 214.0 470.0 400.16 500.0 379.0 160.0 137.62 323.0 261.32 211.0 427.64 310.0 375.52 
225.0 363.2 500.0 382.68 114.0 213.6 191.0 207.82 500.0 404.56 500.0 388.2 190.0 138.1 364.0 266.2 445.0 427.24 410.0 381.28 
500.0 365.74 500.0 391.64 89.0 205.38 234.0 202.5 500.0 411.32 191.0 389.14 144.0 138.08 225.0 269.08 280.0 422.84 397.0 379.22 
500.0 365.74 500.0 398.54 91.0 202.28 208.0 196.66 500.0 417.26 485.0 396.22 156.0 138.52 298.0 272.3 262.0 418.08 456.0 381.92 
209.0 363.18 500.0 404.8 110.0 194.48 217.0 191.0 63.0 414.22 500.0 403.7 143.0 138.12 176.0 273.52 203.0 412.14 500.0 381.92 
157.0 356.32 500.0 411.86 30.0 185.12 201.0 185.02 500.0 419.44 439.0 411.56 154.0 137.68 313.0 276.14 181.0 405.76 487.0 384.14 
190.0 350.12 500.0 418.94 108.0 177.28 262.0 185.88 500.0 424.42 340.0 415.6 152.0 137.48 307.0 279.74 380.0 406.14 500.0 384.14 
500.0 350.12 500.0 425.78 116.0 173.48 179.0 183.24 500.0 430.68 500.0 423.24 148.0 137.78 277.0 282.22 363.0 403.4 392.0 381.98 
257.0 345.26 500.0 432.02 123.0 165.94 197.0 177.18 164.0 429.82 500.0 430.68 129.0 137.88 354.0 286.04 202.0 397.44 500.0 384.3 
244.0 343.96 500.0 438.16 116.0 161.84 205.0 171.3 500.0 436.14 317.0 433.84 118.0 137.2 315.0 288.86 150.0 390.86 359.0 381.48 
76.0 341.7 500.0 445.14 117.0 154.18 159.0 166.94 500.0 442.42 423.0 437.58 146.0 137.48 303.0 291.84 381.0 392.0 500.0 381.48 
500.0 341.7 500.0 451.58 110.0 147.54 211.0 161.16 500.0 448.06 341.0 441.06 160.0 137.76 366.0 295.32 414.0 390.28 500.0 381.48 
250.0 336.7 500.0 457.5 134.0 141.86 179.0 160.22 500.0 453.6 500.0 447.6 138.0 137.6 367.0 298.6 221.0 387.2 468.0 383.68 
275.0 333.84 500.0 463.1 110.0 137.8 284.0 162.02 500.0 459.28 500.0 452.46 151.0 138.34 472.0 305.5 299.0 384.62 500.0 387.38 
500.0 335.02 500.0 468.86 111.0 132.86 217.0 162.36 439.0 461.42 500.0 456.68 140.0 139.04 500.0 311.54 206.0 381.78 500.0 387.38 
500.0 340.28 500.0 473.28 116.0 129.98 294.0 166.14 500.0 465.74 500.0 459.7 128.0 138.56 500.0 316.78 221.0 376.2 500.0 387.38 
500.0 347.08 500.0 476.46 160.0 125.58 292.0 169.16 500.0 469.58 500.0 459.7 115.0 138.58 500.0 322.24 264.0 378.7 500.0 387.38 
397.0 351.1 500.0 480.88 109.0 121.86 146.0 169.62 500.0 475.18 500.0 460.86 127.0 139.54 500.0 324.94 344.0 378.78 500.0 387.38 
395.0 355.92 500.0 485.38 139.0 118.74 208.0 171.42 500.0 478.46 500.0 461.16 136.0 140.18 332.0 326.1 500.0 378.78 500.0 394.46 
255.0 356.84 500.0 490.16 140.0 116.1 327.0 174.74 500.0 482.72 500.0 461.16 133.0 140.64 500.0 331.74 500.0 385.42 500.0 394.46 
322.0 359.44 500.0 490.4 172.0 115.28 361.0 179.82 500.0 482.72 500.0 461.16 146.0 141.02 500.0 334.8 500.0 387.52 500.0 394.46 
387.0 363.12 500.0 491.14 146.0 114.16 256.0 182.06 500.0 482.72 500.0 461.16 116.0 140.98 500.0 338.28 500.0 390.84 500.0 397.48 
320.0 364.24 500.0 495.16 161.0 114.7 135.0 182.92 500.0 482.72 500.0 461.16 186.0 142.52 500.0 343.6 500.0 390.84 500.0 402.42 
251.0 364.52 500.0 495.16 143.0 113.58 202.0 184.78 500.0 482.72 500.0 462.82 125.0 142.9 500.0 348.18 297.0 393.56 500.0 407.06 
221.0 363.82 500.0 495.16 186.0 113.74 292.0 188.42 316.0 479.04 500.0 462.82 125.0 143.0 500.0 353.76 500.0 396.24 394.0 406.18 
500.0 369.7 500.0 497.4 160.0 113.48 108.0 189.06 500.0 479.04 500.0 463.22 137.0 143.52 500.0 359.84 500.0 398.36 500.0 408.02 
500.0 375.4 500.0 497.4 176.0 113.8 360.0 193.4 400.0 477.04 500.0 463.22 142.0 143.5 500.0 362.06 487.0 401.6 500.0 409.96 
500.0 380.46 500.0 497.4 160.0 114.28 117.0 193.16 329.0 473.62 499.0 463.2 122.0 143.22 456.0 365.32 380.0 399.2 500.0 409.96 
386.0 383.58 500.0 497.4 173.0 114.86 333.0 196.02 268.0 468.98 500.0 463.2 161.0 143.72 500.0 370.32 500.0 399.2 500.0 411.44 
257.0 383.0 500.0 497.4 201.0 116.6 381.0 200.98 312.0 465.22 323.0 460.7 156.0 144.78 500.0 375.12 490.0 401.16 500.0 413.84 
317.0 383.8 500.0 497.4 188.0 118.12 335.0 204.16 424.0 463.7 500.0 462.78 145.0 145.04 93.0 370.6 410.0 399.36 500.0 413.84 
500.0 386.22 500.0 497.4 175.0 119.54 290.0 207.6 272.0 459.14 401.0 464.3 135.0 145.04 168.0 369.82 301.0 398.48 500.0 413.84 
216.0 385.68 500.0 497.4 198.0 121.4 338.0 212.02 322.0 455.58 336.0 462.72 176.0 145.86 500.0 374.38 500.0 402.28 500.0 421.98 
500.0 387.14 500.0 497.4 231.0 123.98 291.0 215.64 400.0 453.58 221.0 458.48 191.0 146.58 500.0 379.64 500.0 404.58 500.0 421.98 
205.0 383.14 500.0 497.4 238.0 126.58 390.0 220.3 443.0 452.44 223.0 455.92 173.0 146.6 500.0 383.92 500.0 406.78 500.0 428.08 
239.0 377.92 500.0 497.4 185.0 127.8 251.0 222.0 500.0 452.44 365.0 455.38 173.0 146.9 500.0 388.38 272.0 402.22 500.0 431.4 
225.0 372.42 500.0 497.4 213.0 129.66 349.0 225.84 474.0 451.92 355.0 454.34 184.0 147.96 328.0 388.02 500.0 402.22 500.0 435.1 
187.0 366.16 500.0 497.4 247.0 132.26 332.0 228.88 321.0 448.34 272.0 449.78 234.0 149.84 379.0 389.78 500.0 402.22 500.0 442.22 
167.0 359.5 416.0 495.72 228.0 136.44 249.0 229.98 500.0 448.34 206.0 443.9 240.0 150.92 500.0 395.16 500.0 402.22 500.0 445.72 
197.0 353.44 344.0 493.42 240.0 140.7 330.0 234.1 500.0 448.34 201.0 437.92 212.0 152.1 463.0 398.4 500.0 402.22 500.0 450.12 
122.0 348.88 283.0 489.08 201.0 142.28 141.0 232.88 500.0 448.34 199.0 432.74 199.0 152.9 171.0 394.24 500.0 402.22 500.0 454.66 
169.0 342.26 324.0 485.56 197.0 144.28 306.0 235.58 500.0 448.34 232.0 427.38 260.0 155.18 379.0 395.76 500.0 402.22 500.0 459.6 
161.0 340.64 390.0 483.36 163.0 145.14 282.0 238.14 500.0 448.34 112.0 419.62 225.0 156.6 92.0 390.0 500.0 403.08 500.0 461.16 
103.0 336.4 270.0 480.54 200.0 146.74 321.0 240.46 200.0 442.34 146.0 412.54 200.0 157.56 372.0 391.64 500.0 403.08 500.0 463.56 
142.0 329.24 500.0 480.54 167.0 147.9 257.0 241.82 500.0 442.34 158.0 405.7 234.0 159.5 88.0 386.86 500.0 403.08 500.0 468.7 
173.0 322.7 500.0 480.54 161.0 148.78 270.0 243.5 500.0 442.34 265.0 401.0 322.0 163.38 361.0 384.08 500.0 403.08 500.0 470.88 
100.0 314.7 500.0 480.54 145.0 149.78 214.0 244.74 500.0 442.34 228.0 395.56 238.0 165.16 309.0 383.88 500.0 403.08 500.0 473.22 
173.0 308.16 500.0 480.54 155.0 150.86 214.0 245.84 500.0 442.34 345.0 392.46 280.0 167.64 232.0 378.52 500.0 403.08 445.0 475.7 
145.0 301.06 500.0 480.54 131.0 152.52 198.0 246.58 500.0 442.34 199.0 386.44 195.0 169.02 248.0 377.78 500.0 403.08 214.0 474.36 
149.0 295.28 500.0 480.54 166.0 155.14 181.0 246.8 500.0 442.34 263.0 381.7 275.0 171.5 371.0 376.04 500.0 403.28 244.0 471.52 
178.0 288.84 500.0 480.54 149.0 155.98 155.0 249.0 500.0 442.94 276.0 377.22 277.0 173.84 119.0 371.96 500.0 409.06 500.0 475.32 
232.0 288.98 500.0 480.54 180.0 157.3 206.0 249.3 500.0 442.94 299.0 373.2 258.0 175.2 238.0 369.44 500.0 410.16 500.0 477.12 
292.0 284.82 500.0 480.54 128.0 158.08 213.0 248.88 500.0 442.94 266.0 374.7 209.0 176.5 279.0 370.52 500.0 414.56 437.0 477.92 
212.0 279.06 500.0 480.54 137.0 159.0 172.0 248.16 500.0 442.94 500.0 375.0 233.0 178.04 50.0 365.56 500.0 419.32 500.0 478.8 
223.0 279.34 500.0 480.54 174.0 160.28 211.0 248.04 500.0 451.68 500.0 375.0 176.0 178.7 176.0 365.56 500.0 425.26 477.0 478.34 
200.0 280.2 500.0 480.54 149.0 162.66 197.0 247.96 500.0 451.68 177.0 369.76 235.0 180.32 473.0 368.76 500.0 431.64 346.0 475.52 
171.0 279.82 266.0 475.86 114.0 162.78 188.0 246.48 500.0 451.68 500.0 372.96 204.0 181.36 118.0 364.98 500.0 434.04 393.0 473.38 
500.0 279.82 500.0 475.86 157.0 163.6 174.0 246.38 500.0 451.68 500.0 372.96 190.0 182.2 500.0 369.44 374.0 434.26 259.0 470.72 
258.0 279.84 500.0 475.86 128.0 163.7 160.0 245.64 500.0 458.4 500.0 372.96 218.0 183.98 271.0 367.78 231.0 434.84 187.0 464.46 
336.0 281.68 500.0 475.86 127.0 163.92 195.0 245.44 500.0 458.4 500.0 376.62 318.0 187.98 456.0 370.6 242.0 436.68 148.0 460.24 
500.0 290.16 421.0 474.28 151.0 164.6 208.0 246.42 500.0 458.4 500.0 378.16 244.0 189.94 392.0 372.38 359.0 436.24 279.0 455.82 
454.0 289.24 500.0 474.28 129.0 164.98 212.0 246.44 500.0 458.4 500.0 381.34 298.0 192.7 100.0 367.06 327.0 434.5 171.0 449.24 
500.0 294.24 500.0 474.28 161.0 165.52 234.0 247.54 500.0 458.4 500.0 381.34 284.0 195.62 261.0 364.94 174.0 433.56 174.0 443.36 
293.0 294.6 500.0 474.28 152.0 166.36 214.0 246.14 500.0 458.4 500.0 381.34 263.0 197.86 343.0 362.36 247.0 432.52 182.0 437.0 
187.0 288.34 500.0 474.28 137.0 166.88 201.0 245.82 500.0 459.62 427.0 379.88 300.0 201.06 125.0 354.86 255.0 433.5 247.0 431.94 
154.0 281.42 500.0 474.28 154.0 167.64 212.0 244.18 500.0 459.62 500.0 379.88 374.0 205.98 181.0 348.48 181.0 432.7 201.0 425.96 
329.0 278.0 500.0 474.28 140.0 167.24 171.0 241.76 500.0 459.62 500.0 379.88 352.0 210.72 195.0 342.38 235.0 432.12 225.0 420.46 
154.0 273.14 500.0 474.28 155.0 168.16 231.0 243.46 500.0 459.62 500.0 379.88 497.0 218.12 476.0 341.9 177.0 428.78 236.0 415.18 
154.0 268.32 479.0 473.86 131.0 168.0 300.0 245.3 500.0 459.62 154.0 372.96 500.0 225.4 453.0 344.32 129.0 421.36 188.0 408.94 
248.0 268.18 500.0 473.86 155.0 168.3 241.0 243.58 500.0 459.62 467.0 372.3 500.0 232.74 121.0 336.74 152.0 414.4 286.0 404.66 
213.0 266.0 500.0 473.86 147.0 167.8 248.0 241.32 500.0 459.62 500.0 372.3 500.0 239.82 239.0 331.52 136.0 407.12 38.0 395.42 
238.0 263.02 456.0 472.98 163.0 168.14 282.0 241.84 500.0 459.62 500.0 372.3 500.0 247.5 120.0 323.92 116.0 399.44 355.0 392.52 
304.0 262.7 500.0 472.98 138.0 167.68 257.0 244.28 500.0 459.62 500.0 372.3 500.0 253.78 268.0 319.28 138.0 392.2 352.0 389.56 
248.0 262.64 500.0 472.98 145.0 167.72 238.0 245.0 500.0 459.62 397.0 370.24 500.0 261.28 280.0 314.88 139.0 389.04 500.0 389.56 
474.0 267.7 500.0 472.98 117.0 166.34 245.0 244.06 500.0 463.3 483.0 369.9 500.0 268.78 146.0 307.8 145.0 381.94 500.0 391.68 
203.0 261.76 500.0 472.98 135.0 165.84 239.0 246.68 500.0 463.3 500.0 369.9 500.0 276.04 250.0 302.8 117.0 374.28 220.0 386.08 
476.0 261.28 472.0 472.42 124.0 164.8 126.0 242.0 500.0 465.3 500.0 369.9 500.0 283.2 145.0 295.7 161.0 367.76 500.0 386.08 
362.0 258.52 500.0 472.42 121.0 164.02 289.0 245.44 500.0 468.72 434.0 368.6 500.0 290.76 128.0 289.14 112.0 362.4 450.0 385.08 
288.0 256.56 500.0 472.42 97.0 162.5 246.0 243.7 500.0 473.36 500.0 368.6 500.0 297.54 107.0 281.28 106.0 354.52 500.0 385.08 
466.0 260.74 500.0 472.42 23.0 158.94 222.0 240.52 500.0 477.12 500.0 372.14 500.0 304.42 101.0 273.3 158.0 347.88 500.0 385.08 
238.0 259.16 500.0 472.42 105.0 157.28 129.0 236.4 500.0 478.64 500.0 372.14 500.0 311.52 132.0 274.08 148.0 342.64 438.0 383.84 
500.0 259.16 500.0 472.42 118.0 156.14 262.0 235.84 500.0 483.2 500.0 374.12 500.0 318.82 133.0 273.38 124.0 339.1 500.0 383.84 
266.0 260.16 500.0 472.42 123.0 154.64 197.0 233.02 500.0 486.76 500.0 377.4 500.0 325.3 26.0 263.9 119.0 331.48 500.0 383.84 
500.0 260.16 500.0 472.42 104.0 152.1 148.0 230.16 500.0 488.76 500.0 382.98 500.0 331.48 116.0 256.22 111.0 323.7 500.0 383.84 
404.0 264.14 500.0 472.42 30.0 147.94 236.0 227.08 492.0 489.74 500.0 388.52 500.0 338.02 116.0 248.54 136.0 316.42 500.0 383.84 
500.0 269.36 500.0 472.42 24.0 144.72 185.0 225.76 500.0 489.74 500.0 391.22 500.0 344.56 76.0 240.06 114.0 313.26 500.0 383.84 
263.0 270.12 399.0 470.4 87.0 142.2 119.0 221.16 500.0 490.26 500.0 394.12 500.0 350.88 98.0 235.46 112.0 305.5 500.0 383.84 
500.0 276.38 500.0 470.4 86.0 138.98 349.0 221.5 500.0 493.84 305.0 394.78 233.0 350.86 51.0 228.9 118.0 297.86 500.0 383.84 
456.0 282.16 500.0 472.08 113.0 136.68 383.0 224.18 500.0 493.84 500.0 400.66 500.0 356.06 31.0 219.52 128.0 290.42 500.0 383.84 
234.0 282.9 500.0 475.2 14.0 132.16 436.0 226.3 500.0 493.84 396.0 404.56 500.0 361.82 15.0 210.56 110.0 282.62 500.0 383.84 
500.0 290.46 500.0 479.54 100.0 130.14 372.0 230.92 357.0 490.98 277.0 406.12 500.0 367.84 39.0 207.92 134.0 275.3 500.0 383.84 
500.0 297.08 252.0 478.1 113.0 128.46 239.0 229.58 500.0 490.98 500.0 411.48 500.0 372.64 53.0 201.4 113.0 267.56 417.0 382.18 
361.0 301.08 364.0 477.58 104.0 127.28 283.0 229.6 298.0 486.94 141.0 412.06 500.0 378.14 36.0 200.28 116.0 259.88 405.0 380.28 
500.0 309.02 500.0 482.18 101.0 125.3 209.0 227.36 500.0 492.94 500.0 419.14 500.0 384.14 37.0 193.58 108.0 252.04 500.0 380.28 
500.0 316.18 332.0 478.82 108.0 124.12 219.0 226.6 500.0 492.94 500.0 425.98 500.0 389.46 51.0 192.84 112.0 244.28 247.0 375.22 
500.0 322.72 500.0 478.82 103.0 122.96 272.0 226.64 500.0 492.94 500.0 430.68 500.0 393.02 30.0 186.22 119.0 236.66 500.0 375.22 
500.0 330.72 500.0 478.82 19.0 120.44 396.0 230.28 500.0 492.94 306.0 432.24 312.0 394.5 40.0 180.84 110.0 228.86 500.0 375.22 
500.0 337.26 500.0 478.82 115.0 119.64 500.0 236.0 437.0 491.68 500.0 435.34 500.0 398.9 155.0 179.3 108.0 221.02 500.0 376.32 
260.0 339.56 500.0 478.82 120.0 119.42 325.0 238.54 500.0 491.68 158.0 434.52 317.0 401.34 109.0 176.52 118.0 213.38 500.0 382.04 
500.0 346.58 500.0 478.82 120.0 118.5 380.0 242.52 449.0 490.66 306.0 435.38 500.0 405.84 117.0 171.44 113.0 205.64 500.0 387.16 
500.0 353.02 500.0 478.82 29.0 116.1 239.0 244.2 390.0 488.46 154.0 432.94 318.0 406.66 107.0 171.2 111.0 197.86 500.0 387.16 
320.0 354.78 500.0 478.82 103.0 114.56 312.0 246.32 136.0 481.18 397.0 434.9 500.0 411.5 134.0 169.12 113.0 190.12 265.0 382.46 
500.0 358.94 500.0 478.82 109.0 114.18 297.0 248.0 500.0 481.18 500.0 439.58 410.0 415.52 116.0 165.86 39.0 180.9 500.0 383.72 
500.0 364.7 500.0 478.82 101.0 113.46 292.0 250.4 500.0 481.18 353.0 436.64 500.0 420.86 200.0 168.86 121.0 173.32 492.0 383.56 
500.0 370.24 500.0 478.82 115.0 112.28 226.0 250.7 400.0 479.18 500.0 436.64 500.0 427.34 148.0 168.3 122.0 165.76 500.0 384.02 
500.0 376.24 500.0 478.82 133.0 111.96 372.0 254.2 103.0 471.24 230.0 437.7 500.0 432.64 172.0 162.28 104.0 157.84 236.0 381.82 
500.0 382.82 500.0 483.5 115.0 111.98 235.0 255.14 500.0 471.24 298.0 433.66 500.0 438.56 124.0 162.4 115.0 150.14 324.0 380.44 
500.0 382.82 500.0 483.5 146.0 111.76 300.0 257.66 500.0 471.24 270.0 429.06 468.0 444.12 138.0 155.16 177.0 146.2 360.0 382.46 
500.0 387.66 500.0 483.5 130.0 111.8 296.0 260.38 500.0 471.24 256.0 424.18 496.0 449.68 212.0 153.98 111.0 143.8 429.0 387.3 
500.0 390.94 500.0 483.5 174.0 112.74 247.0 261.42 334.0 467.92 228.0 418.74 169.0 446.7 224.0 149.34 134.0 141.64 370.0 391.74 
198.0 384.9 500.0 485.08 167.0 113.06 370.0 264.66 500.0 467.92 286.0 414.46 500.0 451.82 151.0 144.52 148.0 137.42 449.0 395.14 
475.0 385.32 500.0 485.08 157.0 113.62 268.0 265.78 500.0 467.92 232.0 409.1 500.0 455.86 190.0 146.32 368.0 138.24 427.0 400.26 
500.0 385.32 500.0 485.08 163.0 113.66 239.0 265.88 500.0 467.92 155.0 402.2 203.0 454.24 151.0 144.12 113.0 137.02 313.0 403.04 
500.0 389.46 500.0 485.08 164.0 113.9 288.0 267.36 500.0 467.92 159.0 395.38 500.0 458.98 185.0 140.96 500.0 142.08 480.0 409.0 
500.0 395.72 500.0 485.08 152.0 114.2 347.0 270.28 500.0 467.92 207.0 390.98 500.0 462.98 217.0 142.8 374.0 144.46 336.0 410.78 
399.0 400.62 500.0 485.08 117.0 113.46 500.0 276.04 226.0 462.44 155.0 384.08 500.0 465.5 187.0 142.92 500.0 150.84 454.0 415.84 
500.0 404.04 500.0 485.08 135.0 113.36 500.0 282.62 500.0 462.44 183.0 377.74 500.0 468.46 20.0 139.42 195.0 150.04 345.0 418.24 
500.0 410.96 500.0 485.08 138.0 113.02 500.0 288.0 500.0 462.44 59.0 368.92 500.0 468.52 216.0 134.22 142.0 149.34 81.0 415.14 
500.0 417.88 500.0 485.5 150.0 113.4 500.0 292.0 500.0 462.44 339.0 372.62 500.0 468.52 228.0 129.72 190.0 150.56 427.0 419.92 
500.0 422.92 270.0 480.9 135.0 113.0 500.0 297.18 500.0 462.44 222.0 367.72 500.0 468.52 234.0 131.98 500.0 157.52 132.0 416.84 
500.0 428.66 259.0 476.08 154.0 113.14 500.0 302.22 500.0 462.44 500.0 367.72 500.0 468.52 281.0 132.82 500.0 164.8 490.0 425.88 
500.0 433.9 500.0 476.96 107.0 112.02 500.0 306.58 500.0 462.44 469.0 367.1 201.0 462.54 247.0 135.36 500.0 172.48 355.0 425.88 
500.0 437.82 500.0 476.96 139.0 112.04 500.0 311.44 500.0 462.44 103.0 359.16 500.0 462.54 248.0 134.96 500.0 179.72 500.0 428.84 
500.0 442.86 500.0 476.96 122.0 111.58 500.0 316.68 428.0 461.0 500.0 361.22 245.0 457.44 245.0 134.26 500.0 186.94 500.0 428.84 
500.0 443.38 486.0 476.68 124.0 111.72 500.0 321.78 500.0 461.0 115.0 353.86 250.0 452.44 249.0 136.32 500.0 194.04 500.0 428.84 
500.0 449.32 500.0 476.68 110.0 111.22 500.0 327.0 360.0 458.2 289.0 349.64 500.0 452.44 263.0 136.58 500.0 201.7 500.0 434.44 
500.0 449.8 244.0 472.12 126.0 111.26 500.0 334.48 500.0 458.2 339.0 346.42 500.0 452.44 263.0 138.94 432.0 207.12 500.0 434.44 
500.0 452.56 500.0 472.12 101.0 110.86 500.0 338.7 221.0 452.62 226.0 342.26 96.0 444.36 234.0 141.06 500.0 214.88 500.0 435.44 
500.0 456.8 500.0 472.12 125.0 111.42 500.0 343.78 500.0 452.62 500.0 342.26 484.0 444.04 258.0 144.08 180.0 216.36 500.0 435.44 
500.0 457.48 450.0 471.12 130.0 113.56 500.0 349.34 500.0 452.62 200.0 336.26 500.0 444.04 283.0 147.72 253.0 218.26 500.0 435.44 
500.0 462.72 500.0 471.12 117.0 113.8 500.0 356.76 500.0 452.62 224.0 330.74 500.0 444.04 203.0 149.14 500.0 225.3 500.0 436.68 
357.0 459.86 500.0 471.12 114.0 113.72 156.0 354.64 500.0 452.62 219.0 325.12 334.0 440.72 296.0 152.4 500.0 232.82 500.0 436.68 
369.0 461.92 433.0 469.78 110.0 113.46 255.0 355.8 500.0 452.62 257.0 320.26 500.0 440.72 275.0 157.38 500.0 240.44 500.0 436.68 
404.0 460.0 500.0 469.78 115.0 113.68 244.0 357.72 189.0 446.4 208.0 314.42 358.0 437.88 238.0 159.82 500.0 248.22 500.0 436.68 
363.0 459.18 342.0 466.62 127.0 115.62 500.0 363.0 500.0 446.56 303.0 310.48 212.0 432.12 238.0 162.26 500.0 255.5 500.0 436.68 
320.0 455.58 500.0 466.62 125.0 117.64 360.0 366.5 500.0 446.56 348.0 307.44 365.0 429.42 226.0 165.26 500.0 263.22 500.0 436.68 
500.0 460.32 296.0 464.56 114.0 118.18 370.0 371.52 165.0 439.86 245.0 302.34 254.0 424.5 224.0 167.78 500.0 270.98 500.0 436.68 
500.0 460.32 500.0 464.56 130.0 119.06 424.0 373.02 500.0 439.86 268.0 301.6 415.0 428.14 28.0 167.32 500.0 278.62 273.0 432.14 
331.0 457.82 298.0 460.52 141.0 119.62 253.0 370.42 346.0 436.78 140.0 294.4 277.0 423.68 183.0 170.36 410.0 284.26 372.0 429.58 
500.0 463.14 412.0 458.76 144.0 122.22 340.0 368.5 364.0 434.06 500.0 296.48 257.0 418.82 183.0 173.72 264.0 287.34 322.0 426.02 
500.0 463.14 379.0 456.34 128.0 122.78 359.0 368.24 500.0 436.92 284.0 296.62 369.0 416.2 173.0 176.4 295.0 290.56 262.0 421.26 
363.0 460.4 500.0 461.3 160.0 123.72 366.0 370.78 405.0 435.02 310.0 292.82 297.0 412.14 203.0 179.4 247.0 293.24 227.0 417.46 
500.0 463.18 500.0 464.02 140.0 124.44 500.0 375.12 500.0 439.06 241.0 294.82 360.0 409.34 187.0 182.42 282.0 296.56 258.0 414.52 
500.0 463.18 271.0 459.44 148.0 125.38 384.0 378.62 187.0 432.8 356.0 291.94 231.0 403.96 186.0 185.4 261.0 299.62 229.0 409.1 
224.0 457.66 500.0 462.8 155.0 126.32 402.0 382.28 500.0 432.8 203.0 286.0 237.0 398.7 182.0 188.02 225.0 301.88 181.0 407.78 
500.0 457.66 500.0 462.8 160.0 127.46 337.0 383.58 500.0 432.8 236.0 280.72 213.0 392.96 169.0 190.8 260.0 304.7 186.0 401.5 
500.0 457.66 338.0 459.56 179.0 130.66 355.0 382.76 182.0 426.44 437.0 283.34 214.0 391.0 147.0 192.94 229.0 307.08 131.0 394.12 
500.0 457.66 463.0 458.82 160.0 131.56 394.0 380.64 500.0 427.7 242.0 278.18 233.0 385.66 162.0 193.08 258.0 310.08 145.0 387.02 
500.0 462.46 500.0 458.82 165.0 132.46 379.0 381.72 442.0 426.54 264.0 280.3 219.0 383.7 165.0 194.2 298.0 313.68 149.0 380.0 
280.0 458.06 500.0 458.82 194.0 133.94 423.0 382.58 412.0 425.8 378.0 281.74 194.0 377.58 175.0 195.36 242.0 316.26 128.0 372.56 
140.0 450.86 500.0 458.82 197.0 137.3 381.0 385.42 131.0 420.62 500.0 288.66 150.0 374.22 201.0 197.24 324.0 320.52 144.0 365.44 
223.0 448.92 500.0 458.82 176.0 138.76 231.0 383.8 500.0 427.9 250.0 285.72 188.0 367.98 157.0 197.7 295.0 324.16 126.0 362.66 
108.0 441.08 500.0 458.82 151.0 139.6 392.0 385.7 500.0 427.9 500.0 285.72 141.0 362.6 201.0 199.4 253.0 328.44 144.0 355.54 
380.0 438.68 338.0 455.58 169.0 140.96 333.0 386.52 500.0 427.9 500.0 288.66 182.0 356.24 115.0 197.7 250.0 331.02 126.0 348.22 
464.0 437.96 428.0 454.14 168.0 142.02 500.0 392.0 154.0 422.98 185.0 282.36 151.0 349.26 198.0 198.7 308.0 334.74 124.0 340.7 
433.0 436.62 500.0 454.14 168.0 142.72 500.0 394.56 326.0 427.44 407.0 285.9 188.0 343.02 163.0 198.52 229.0 337.24 141.0 338.8 
333.0 433.28 434.0 452.82 182.0 144.06 500.0 399.86 337.0 424.18 336.0 286.66 202.0 337.06 204.0 200.12 295.0 340.84 127.0 334.86 
303.0 429.34 500.0 452.82 197.0 145.08 459.0 403.04 126.0 416.7 443.0 290.12 199.0 331.68 132.0 200.0 319.0 343.68 127.0 330.2 
338.0 426.1 436.0 451.54 174.0 145.96 460.0 406.32 375.0 414.2 500.0 295.0 119.0 324.14 140.0 198.56 307.0 347.6 81.0 323.24 
316.0 422.42 500.0 451.54 205.0 146.58 432.0 410.02 131.0 410.14 500.0 300.44 163.0 324.02 229.0 198.66 322.0 351.36 120.0 318.24 
176.0 421.98 273.0 447.0 188.0 147.0 392.0 410.46 153.0 403.2 305.0 300.82 185.0 317.72 168.0 199.0 351.0 355.42 72.0 310.7 
265.0 417.78 500.0 447.0 195.0 147.76 333.0 411.76 149.0 396.18 253.0 301.24 174.0 311.2 181.0 198.82 382.0 355.7 94.0 304.04 
180.0 411.38 445.0 445.9 204.0 148.58 282.0 412.62 125.0 388.68 363.0 305.4 35.0 307.84 147.0 198.74 371.0 360.86 99.0 299.76 
500.0 411.38 500.0 445.9 209.0 149.48 381.0 414.48 217.0 383.02 500.0 312.22 142.0 300.68 140.0 197.84 359.0 358.04 111.0 292.38 
340.0 408.18 324.0 442.38 197.0 150.38 264.0 412.82 134.0 375.7 334.0 314.76 22.0 291.12 162.0 196.74 495.0 360.46 109.0 287.84 
