15.0 15.0 18.0 18.0 14.0 14.0 22.0 22.0 28.0 28.0 14.0 14.0 24.0 24.0 24.0 24.0 16.0 16.0 28.0 28.0 
20.0 17.5 12.0 15.0 15.0 14.5 25.0 23.5 44.0 36.0 19.0 16.5 27.0 25.5 17.0 20.5 10.0 13.0 58.0 43.0 
18.0 17.666666666666668 15.0 15.0 58.0 29.0 18.0 21.666666666666668 11.0 27.666666666666668 11.0 14.666666666666666 10.0 20.333333333333332 9.0 16.666666666666668 23.0 16.333333333333332 15.0 33.666666666666664 
58.0 27.75 56.0 25.25 13.0 25.0 17.0 20.5 28.0 27.75 11.0 13.75 11.0 18.0 15.0 16.25 36.0 21.25 36.0 34.25 
10.0 24.2 34.0 27.0 12.0 22.4 23.0 21.0 32.0 28.6 14.0 13.8 34.0 21.2 14.0 15.8 19.0 20.8 12.0 29.8 
18.0 23.166666666666668 28.0 27.166666666666668 21.0 22.166666666666668 12.0 19.5 15.0 26.333333333333332 10.0 13.166666666666666 21.0 21.166666666666668 22.0 16.833333333333332 21.0 20.833333333333332 12.0 26.833333333333332 
16.0 22.142857142857142 15.0 25.428571428571427 19.0 21.714285714285715 46.0 23.285714285714285 21.0 25.571428571428573 44.0 17.571428571428573 51.0 25.428571428571427 24.0 17.857142857142858 10.0 19.285714285714285 11.0 24.571428571428573 
26.0 22.625 46.0 28.0 30.0 22.75 21.0 23.0 12.0 23.875 17.0 17.5 22.0 25.0 12.0 17.125 13.0 18.5 41.0 26.625 
13.0 21.555555555555557 17.0 26.77777777777778 25.0 23.0 20.0 22.666666666666668 22.0 23.666666666666668 12.0 16.88888888888889 34.0 26.0 29.0 18.444444444444443 21.0 18.77777777777778 20.0 25.88888888888889 
28.0 22.2 30.0 27.1 22.0 22.9 15.0 21.9 15.0 22.8 27.0 17.9 27.0 26.1 37.0 20.3 21.0 19.0 33.0 26.6 
20.0 22.0 57.0 29.818181818181817 15.0 22.181818181818183 14.0 21.181818181818183 21.0 22.636363636363637 44.0 20.272727272727273 30.0 26.454545454545453 28.0 21.0 13.0 18.454545454545453 33.0 27.181818181818183 
21.0 21.916666666666668 44.0 31.0 18.0 21.833333333333332 18.0 20.916666666666668 32.0 23.416666666666668 43.0 22.166666666666668 30.0 26.75 9.0 20.0 38.0 20.083333333333332 12.0 25.916666666666668 
24.0 22.076923076923077 30.0 30.923076923076923 12.0 21.076923076923077 11.0 20.153846153846153 16.0 22.846153846153847 20.0 22.0 10.0 25.46153846153846 12.0 19.384615384615383 32.0 21.0 10.0 24.692307692307693 
17.0 21.714285714285715 18.0 30.0 14.0 20.571428571428573 16.0 19.857142857142858 22.0 22.785714285714285 86.0 26.571428571428573 14.0 24.642857142857142 14.0 19.0 30.0 21.642857142857142 26.0 24.785714285714285 
17.0 21.4 18.0 29.2 33.0 21.4 12.0 19.333333333333332 17.0 22.4 20.0 26.133333333333333 25.0 24.666666666666668 16.0 18.8 15.0 21.2 9.0 23.733333333333334 
48.0 23.0625 16.0 28.375 17.0 21.125 15.0 19.0625 16.0 22.0 9.0 25.0625 15.0 24.0625 35.0 19.8125 49.0 22.9375 16.0 23.25 
25.0 23.176470588235293 9.0 27.235294117647058 13.0 20.647058823529413 22.0 19.235294117647058 16.0 21.647058823529413 33.0 25.529411764705884 75.0 27.058823529411764 17.0 19.647058823529413 12.0 22.294117647058822 13.0 22.647058823529413 
47.0 24.5 23.0 27.0 12.0 20.166666666666668 32.0 19.944444444444443 23.0 21.72222222222222 19.0 25.166666666666668 14.0 26.333333333333332 18.0 19.555555555555557 15.0 21.88888888888889 25.0 22.77777777777778 
20.0 24.263157894736842 14.0 26.31578947368421 19.0 20.105263157894736 10.0 19.42105263157895 14.0 21.31578947368421 29.0 25.36842105263158 12.0 25.57894736842105 20.0 19.57894736842105 17.0 21.63157894736842 16.0 22.42105263157895 
28.0 24.45 20.0 26.0 33.0 20.75 18.0 19.35 11.0 20.8 35.0 25.85 13.0 24.95 11.0 19.15 37.0 22.4 11.0 21.85 
17.0 24.095238095238095 16.0 25.523809523809526 27.0 21.047619047619047 16.0 19.19047619047619 15.0 20.523809523809526 34.0 26.238095238095237 16.0 24.523809523809526 14.0 18.904761904761905 22.0 22.38095238095238 39.0 22.666666666666668 
39.0 24.772727272727273 20.0 25.272727272727273 13.0 20.681818181818183 13.0 18.90909090909091 14.0 20.227272727272727 17.0 25.818181818181817 11.0 23.90909090909091 9.0 18.454545454545453 13.0 21.954545454545453 16.0 22.363636363636363 
52.0 25.956521739130434 29.0 25.434782608695652 17.0 20.52173913043478 14.0 18.695652173913043 11.0 19.82608695652174 39.0 26.391304347826086 14.0 23.47826086956522 20.0 18.52173913043478 10.0 21.434782608695652 12.0 21.91304347826087 
16.0 25.541666666666668 39.0 26.0 33.0 21.041666666666668 29.0 19.125 13.0 19.541666666666668 40.0 26.958333333333332 15.0 23.125 11.0 18.208333333333332 9.0 20.916666666666668 10.0 21.416666666666668 
119.0 29.28 17.0 25.64 14.0 20.76 16.0 19.0 28.0 19.88 20.0 26.68 12.0 22.68 10.0 17.88 25.0 21.08 10.0 20.96 
13.0 28.653846153846153 14.0 25.192307692307693 12.0 20.423076923076923 12.0 18.73076923076923 17.0 19.76923076923077 20.0 26.423076923076923 25.0 22.76923076923077 19.0 17.923076923076923 15.0 20.846153846153847 9.0 20.5 
14.0 28.11111111111111 10.0 24.62962962962963 9.0 20.0 34.0 19.296296296296298 10.0 19.40740740740741 42.0 27.0 32.0 23.11111111111111 29.0 18.333333333333332 13.0 20.555555555555557 12.0 20.185185185185187 
22.0 27.892857142857142 11.0 24.142857142857142 14.0 19.785714285714285 14.0 19.107142857142858 18.0 19.357142857142858 15.0 26.571428571428573 34.0 23.5 25.0 18.571428571428573 14.0 20.321428571428573 12.0 19.892857142857142 
19.0 27.586206896551722 10.0 23.655172413793103 20.0 19.79310344827586 20.0 19.137931034482758 21.0 19.413793103448278 37.0 26.93103448275862 19.0 23.344827586206897 24.0 18.75862068965517 11.0 20.0 13.0 19.655172413793103 
29.0 27.633333333333333 11.0 23.233333333333334 28.0 20.066666666666666 21.0 19.2 9.0 19.066666666666666 44.0 27.5 11.0 22.933333333333334 16.0 18.666666666666668 19.0 19.966666666666665 15.0 19.5 
45.0 28.193548387096776 19.0 23.096774193548388 11.0 19.774193548387096 11.0 18.93548387096774 12.0 18.838709677419356 22.0 27.322580645161292 15.0 22.677419354838708 25.0 18.870967741935484 27.0 20.193548387096776 16.0 19.387096774193548 
37.0 28.46875 11.0 22.71875 17.0 19.6875 16.0 18.84375 11.0 18.59375 21.0 27.125 12.0 22.34375 10.0 18.59375 12.0 19.9375 9.0 19.0625 
30.0 28.515151515151516 10.0 22.333333333333332 14.0 19.515151515151516 9.0 18.545454545454547 15.0 18.484848484848484 114.0 29.757575757575758 10.0 21.96969696969697 22.0 18.696969696969695 13.0 19.727272727272727 10.0 18.78787878787879 
27.0 28.470588235294116 14.0 22.08823529411765 24.0 19.647058823529413 18.0 18.529411764705884 10.0 18.235294117647058 44.0 30.176470588235293 23.0 22.0 13.0 18.529411764705884 16.0 19.61764705882353 11.0 18.558823529411764 
50.0 29.085714285714285 26.0 22.2 11.0 19.4 14.0 18.4 14.0 18.114285714285714 34.0 30.285714285714285 12.0 21.714285714285715 15.0 18.428571428571427 13.0 19.428571428571427 10.0 18.314285714285713 
50.0 29.666666666666668 11.0 21.88888888888889 11.0 19.166666666666668 18.0 18.38888888888889 14.0 18.0 46.0 30.72222222222222 12.0 21.444444444444443 16.0 18.36111111111111 10.0 19.166666666666668 12.0 18.13888888888889 
20.0 29.405405405405407 28.0 22.054054054054053 14.0 19.027027027027028 16.0 18.324324324324323 10.0 17.783783783783782 41.0 31.0 18.0 21.35135135135135 21.0 18.43243243243243 12.0 18.972972972972972 10.0 17.91891891891892 
19.0 29.13157894736842 13.0 21.81578947368421 13.0 18.86842105263158 15.0 18.236842105263158 11.0 17.605263157894736 21.0 30.736842105263158 10.0 21.05263157894737 16.0 18.36842105263158 10.0 18.736842105263158 12.0 17.763157894736842 
19.0 28.871794871794872 11.0 21.53846153846154 17.0 18.82051282051282 12.0 18.076923076923077 10.0 17.41025641025641 12.0 30.256410256410255 10.0 20.76923076923077 40.0 18.923076923076923 18.0 18.71794871794872 11.0 17.58974358974359 
31.0 28.925 16.0 21.4 17.0 18.775 13.0 17.95 10.0 17.225 29.0 30.225 8.0 20.45 20.0 18.95 20.0 18.75 13.0 17.475 
26.0 28.853658536585368 14.0 21.21951219512195 21.0 18.829268292682926 13.0 17.829268292682926 14.0 17.146341463414632 52.0 30.75609756097561 12.0 20.24390243902439 10.0 18.73170731707317 14.0 18.634146341463413 10.0 17.29268292682927 
20.0 28.642857142857142 22.0 21.238095238095237 15.0 18.738095238095237 13.0 17.714285714285715 10.0 16.976190476190474 20.0 30.5 12.0 20.047619047619047 16.0 18.666666666666668 12.0 18.476190476190474 12.0 17.166666666666668 
126.0 30.906976744186046 12.0 21.023255813953487 22.0 18.813953488372093 18.0 17.72093023255814 14.0 16.906976744186046 35.0 30.6046511627907 13.0 19.88372093023256 11.0 18.488372093023255 15.0 18.3953488372093 8.0 16.953488372093023 
31.0 30.90909090909091 8.0 20.727272727272727 15.0 18.727272727272727 17.0 17.704545454545453 13.0 16.818181818181817 147.0 33.25 9.0 19.636363636363637 14.0 18.386363636363637 20.0 18.431818181818183 9.0 16.772727272727273 
21.0 30.68888888888889 22.0 20.755555555555556 18.0 18.711111111111112 9.0 17.511111111111113 13.0 16.733333333333334 35.0 33.28888888888889 17.0 19.57777777777778 12.0 18.244444444444444 28.0 18.644444444444446 10.0 16.622222222222224 
49.0 31.08695652173913 11.0 20.543478260869566 13.0 18.58695652173913 12.0 17.391304347826086 12.0 16.630434782608695 70.0 34.08695652173913 10.0 19.369565217391305 12.0 18.108695652173914 12.0 18.5 9.0 16.456521739130434 
15.0 30.74468085106383 16.0 20.4468085106383 10.0 18.404255319148938 14.0 17.319148936170212 17.0 16.638297872340427 53.0 34.48936170212766 14.0 19.25531914893617 16.0 18.06382978723404 16.0 18.4468085106383 12.0 16.361702127659573 
83.0 31.833333333333332 12.0 20.270833333333332 14.0 18.3125 9.0 17.145833333333332 9.0 16.479166666666668 24.0 34.270833333333336 13.0 19.125 11.0 17.916666666666668 14.0 18.354166666666668 12.0 16.270833333333332 
39.0 31.979591836734695 10.0 20.06122448979592 19.0 18.3265306122449 16.0 17.122448979591837 8.0 16.306122448979593 66.0 34.91836734693877 13.0 19.0 11.0 17.775510204081634 13.0 18.244897959183675 15.0 16.244897959183675 
63.0 32.6 24.0 20.14 12.0 18.2 14.0 17.06 9.0 16.16 100.0 36.22 11.0 18.84 11.0 17.64 27.0 18.42 10.0 16.12 
103.0 34.36 10.0 19.98 10.0 18.12 30.0 17.22 8.0 15.76 61.0 37.16 13.0 18.62 12.0 17.4 18.0 18.46 13.0 15.82 
29.0 34.54 13.0 20.0 12.0 18.06 28.0 17.28 11.0 15.1 44.0 37.66 11.0 18.3 9.0 17.24 22.0 18.7 10.0 14.86 
23.0 34.64 12.0 19.94 12.0 17.14 13.0 17.18 11.0 15.1 52.0 38.48 11.0 18.32 9.0 17.24 19.0 18.62 11.0 14.78 
64.0 34.76 18.0 19.18 11.0 17.1 18.0 17.2 10.0 14.74 33.0 38.92 8.0 18.26 10.0 17.14 10.0 18.1 10.0 14.26 
22.0 35.0 13.0 18.76 15.0 17.16 11.0 16.96 9.0 14.28 26.0 39.16 11.0 17.8 10.0 17.06 13.0 17.98 10.0 14.22 
63.0 35.9 12.0 18.44 26.0 17.26 12.0 16.96 8.0 14.14 170.0 42.36 11.0 17.6 16.0 16.94 10.0 17.76 10.0 14.18 
86.0 37.3 26.0 18.66 9.0 17.06 15.0 16.34 13.0 13.98 41.0 42.3 11.0 16.8 12.0 16.7 8.0 17.72 11.0 14.18 
102.0 38.82 15.0 18.04 15.0 16.76 21.0 16.34 12.0 13.98 30.0 42.56 9.0 16.54 11.0 16.68 21.0 17.88 11.0 13.58 
75.0 40.06 9.0 17.88 19.0 16.64 13.0 16.2 13.0 13.8 76.0 43.84 13.0 16.12 14.0 16.38 16.0 17.78 10.0 13.38 
85.0 41.2 14.0 17.56 10.0 16.4 18.0 16.26 12.0 13.74 23.0 43.76 11.0 15.8 14.0 15.92 11.0 17.58 11.0 12.94 
77.0 42.34 11.0 16.64 9.0 16.28 16.0 16.3 10.0 13.52 52.0 43.92 9.0 15.38 9.0 15.54 13.0 17.58 9.0 12.46 
52.0 42.96 11.0 15.98 32.0 16.56 25.0 16.44 10.0 13.08 199.0 47.04 11.0 15.0 25.0 15.86 11.0 17.04 12.0 12.46 
59.0 43.66 12.0 15.62 9.0 16.5 11.0 16.44 9.0 12.94 63.0 47.9 11.0 15.02 14.0 15.9 10.0 16.6 9.0 12.44 
51.0 44.34 16.0 15.58 13.0 16.48 17.0 16.46 9.0 12.68 94.0 48.06 13.0 15.0 11.0 15.84 9.0 16.18 11.0 12.14 
36.0 44.72 15.0 15.52 12.0 16.06 12.0 16.46 10.0 12.54 85.0 49.36 9.0 14.68 11.0 15.74 13.0 16.14 10.0 12.16 
110.0 45.96 13.0 15.46 16.0 16.04 20.0 16.56 9.0 12.4 93.0 51.04 14.0 14.66 9.0 15.22 10.0 15.36 9.0 12.02 
16.0 45.78 18.0 15.64 16.0 16.1 16.0 16.44 9.0 12.26 47.0 51.32 8.0 13.32 11.0 15.1 13.0 15.38 9.0 11.94 
49.0 45.82 10.0 15.38 23.0 16.32 13.0 16.06 10.0 12.0 43.0 51.8 11.0 13.26 8.0 14.9 9.0 15.26 10.0 11.64 
113.0 47.68 11.0 15.32 13.0 16.2 16.0 16.18 10.0 11.92 92.0 53.06 11.0 13.24 18.0 14.86 9.0 15.1 9.0 11.5 
45.0 48.02 11.0 15.14 18.0 15.9 11.0 16.04 9.0 11.88 31.0 52.98 16.0 13.3 9.0 14.82 10.0 14.56 11.0 11.5 
119.0 50.06 9.0 15.0 20.0 15.76 15.0 16.02 10.0 11.78 56.0 53.42 9.0 13.16 22.0 14.98 13.0 14.38 9.0 10.9 
88.0 51.04 14.0 14.88 20.0 15.9 18.0 16.12 9.0 11.68 196.0 57.0 8.0 13.1 14.0 15.08 10.0 14.32 9.0 10.76 
90.0 51.8 10.0 14.5 14.0 15.84 20.0 16.24 8.0 11.62 183.0 59.88 10.0 13.02 9.0 14.86 11.0 14.34 9.0 10.7 
210.0 55.68 13.0 13.98 16.0 15.5 10.0 15.86 9.0 11.54 31.0 59.7 13.0 12.98 13.0 14.9 8.0 14.32 9.0 10.68 
135.0 56.0 15.0 13.94 9.0 15.4 16.0 15.86 8.0 11.14 79.0 60.88 9.0 12.92 11.0 14.92 11.0 14.04 9.0 10.66 
112.0 57.98 9.0 13.84 11.0 15.38 17.0 15.96 10.0 11.0 157.0 63.62 17.0 12.76 10.0 14.74 10.0 13.94 10.0 10.68 
61.0 58.92 22.0 14.08 15.0 15.5 23.0 15.74 12.0 11.04 75.0 64.28 9.0 12.3 13.0 14.42 13.0 13.94 8.0 10.6 
295.0 64.38 14.0 14.14 12.0 15.46 10.0 15.66 10.0 10.88 90.0 65.78 10.0 11.82 18.0 14.28 14.0 13.94 10.0 10.56 
131.0 66.62 16.0 14.26 11.0 15.28 11.0 15.48 9.0 10.64 56.0 66.16 9.0 11.62 16.0 14.12 10.0 13.92 8.0 10.46 
181.0 69.66 12.0 14.28 17.0 15.06 16.0 15.38 9.0 10.64 131.0 67.9 11.0 11.62 8.0 13.96 14.0 13.82 9.0 10.34 
67.0 70.1 11.0 14.12 9.0 15.02 12.0 15.4 8.0 10.56 114.0 69.74 11.0 11.54 16.0 13.78 10.0 13.48 10.0 10.22 
83.0 71.02 13.0 14.16 17.0 15.02 9.0 15.26 9.0 10.52 124.0 71.8 8.0 11.46 9.0 13.76 16.0 13.56 10.0 10.24 
84.0 72.1 9.0 14.14 11.0 14.96 19.0 15.46 11.0 10.44 124.0 72.0 12.0 11.5 14.0 13.6 12.0 13.54 10.0 10.24 
117.0 73.9 9.0 14.04 20.0 14.88 17.0 15.44 10.0 10.44 90.0 72.92 20.0 11.44 10.0 13.54 16.0 13.54 8.0 10.18 
134.0 75.58 10.0 13.72 17.0 15.0 11.0 15.38 9.0 10.34 147.0 75.18 19.0 11.58 13.0 13.5 11.0 13.5 10.0 10.18 
184.0 78.26 14.0 13.78 11.0 15.0 18.0 15.38 10.0 10.26 65.0 75.56 10.0 11.54 9.0 13.36 11.0 13.52 10.0 10.14 
101.0 79.88 15.0 13.52 13.0 14.98 11.0 15.28 9.0 10.24 60.0 75.94 8.0 11.34 12.0 13.18 15.0 13.58 10.0 10.14 
109.0 81.68 9.0 13.44 8.0 14.88 14.0 15.26 9.0 10.2 112.0 77.76 10.0 11.34 9.0 13.04 11.0 13.6 10.0 10.1 
131.0 83.92 13.0 13.48 12.0 14.78 15.0 15.32 8.0 10.16 38.0 78.28 11.0 11.36 10.0 12.44 10.0 13.44 9.0 10.06 
166.0 86.62 10.0 13.36 10.0 14.64 13.0 15.32 10.0 10.16 75.0 79.2 10.0 11.4 10.0 12.24 12.0 13.28 9.0 9.98 
175.0 89.6 11.0 13.3 12.0 14.46 12.0 15.3 9.0 10.06 140.0 80.96 18.0 11.52 9.0 12.22 11.0 13.22 9.0 9.96 
158.0 92.36 12.0 13.1 10.0 14.36 13.0 15.3 9.0 10.04 118.0 82.92 11.0 11.5 11.0 12.12 12.0 13.22 8.0 9.88 
294.0 95.72 17.0 13.2 15.0 14.22 15.0 15.24 12.0 10.0 138.0 84.98 12.0 11.48 10.0 12.1 13.0 13.18 8.0 9.88 
128.0 97.66 20.0 13.44 10.0 14.12 11.0 15.12 9.0 9.92 104.0 84.12 11.0 11.52 8.0 11.98 13.0 13.04 9.0 9.88 
110.0 99.44 19.0 13.38 9.0 13.94 9.0 15.12 10.0 9.86 207.0 87.56 11.0 11.4 12.0 11.98 13.0 12.74 8.0 9.84 
33.0 99.12 10.0 13.36 10.0 13.88 19.0 15.26 8.0 9.78 169.0 89.54 14.0 11.48 9.0 11.92 8.0 12.66 9.0 9.84 
133.0 101.48 9.0 13.22 8.0 13.84 14.0 15.26 10.0 9.64 101.0 90.5 11.0 11.42 14.0 11.88 11.0 12.56 10.0 9.8 
139.0 102.6 14.0 13.26 8.0 13.72 14.0 15.36 8.0 9.62 147.0 92.96 12.0 11.4 11.0 11.88 10.0 12.48 9.0 9.74 
235.0 106.52 9.0 13.24 10.0 13.54 12.0 15.28 9.0 9.64 212.0 95.88 10.0 11.34 13.0 11.92 9.0 12.4 10.0 9.64 
164.0 108.54 10.0 12.96 12.0 13.54 11.0 15.22 9.0 9.64 116.0 96.2 13.0 11.38 10.0 11.9 10.0 12.06 8.0 9.6 
141.0 109.3 10.0 12.96 12.0 13.58 12.0 14.86 9.0 9.66 117.0 97.32 20.0 11.52 10.0 11.86 12.0 11.94 10.0 9.54 
201.0 112.74 10.0 12.9 9.0 13.52 12.0 14.54 9.0 9.62 79.0 98.02 10.0 11.5 10.0 11.88 13.0 11.76 8.0 9.5 
72.0 113.72 16.0 12.98 12.0 13.52 9.0 14.46 8.0 9.56 175.0 100.48 10.0 11.48 16.0 12.02 9.0 11.56 8.0 9.44 
188.0 116.2 9.0 12.8 8.0 13.46 13.0 14.36 8.0 9.52 144.0 102.7 13.0 11.58 10.0 12.02 11.0 11.58 9.0 9.42 
114.0 118.04 10.0 12.74 12.0 13.4 10.0 14.34 8.0 9.5 143.0 105.04 15.0 11.66 12.0 12.06 10.0 11.52 10.0 9.42 
105.0 118.88 10.0 12.7 9.0 13.06 12.0 14.34 11.0 9.56 176.0 105.16 10.0 11.64 10.0 11.94 9.0 11.5 11.0 9.44 
134.0 119.84 9.0 12.36 8.0 13.04 9.0 14.22 9.0 9.48 161.0 107.56 12.0 11.66 10.0 11.9 17.0 11.68 9.0 9.4 
254.0 122.88 9.0 12.24 10.0 12.94 12.0 14.04 9.0 9.42 46.0 107.88 11.0 11.7 10.0 11.88 10.0 11.46 9.0 9.36 
63.0 122.64 9.0 12.24 12.0 12.8 14.0 14.06 10.0 9.36 54.0 107.44 17.0 11.78 9.0 11.78 11.0 11.36 8.0 9.32 
163.0 124.2 12.0 12.2 9.0 12.78 13.0 13.96 10.0 9.32 158.0 110.14 10.0 11.76 9.0 11.68 14.0 11.42 10.0 9.3 
77.0 124.2 11.0 12.2 12.0 12.84 10.0 13.84 9.0 9.3 150.0 112.1 11.0 11.8 10.0 11.7 11.0 11.38 9.0 9.3 
175.0 126.66 10.0 12.18 12.0 12.44 11.0 13.56 10.0 9.3 128.0 110.68 14.0 11.86 9.0 11.38 13.0 11.42 9.0 9.24 
394.0 133.36 10.0 12.14 9.0 12.44 10.0 13.54 9.0 9.3 131.0 112.04 10.0 11.84 10.0 11.3 16.0 11.54 9.0 9.24 
153.0 135.4 14.0 12.1 12.0 12.42 13.0 13.46 9.0 9.3 280.0 115.76 11.0 11.8 9.0 11.26 13.0 11.62 9.0 9.2 
229.0 139.26 10.0 12.0 11.0 12.4 10.0 13.42 9.0 9.28 140.0 116.86 14.0 11.9 10.0 11.24 12.0 11.6 10.0 9.2 
143.0 139.92 10.0 11.94 10.0 12.28 11.0 13.24 8.0 9.26 145.0 117.9 9.0 11.8 9.0 11.24 10.0 11.6 9.0 9.2 
99.0 141.58 10.0 11.78 11.0 12.18 12.0 13.16 9.0 9.26 169.0 120.34 12.0 11.88 10.0 11.22 13.0 11.6 10.0 9.22 
99.0 142.58 8.0 11.74 8.0 11.88 15.0 13.2 11.0 9.28 208.0 123.64 10.0 11.86 12.0 11.3 9.0 11.6 10.0 9.22 
90.0 142.12 11.0 11.74 10.0 11.82 11.0 13.1 10.0 9.28 119.0 124.18 19.0 12.02 10.0 11.14 10.0 11.62 10.0 9.24 
188.0 144.98 10.0 11.72 10.0 11.66 17.0 13.22 12.0 9.34 191.0 127.38 10.0 11.9 9.0 11.14 10.0 11.62 10.0 9.22 
136.0 145.32 12.0 11.78 9.0 11.44 10.0 13.12 10.0 9.34 184.0 129.94 12.0 11.96 8.0 10.86 8.0 11.52 9.0 9.22 
84.0 145.24 10.0 11.7 9.0 11.22 11.0 12.98 9.0 9.34 148.0 128.98 17.0 12.14 8.0 10.74 8.0 11.48 10.0 9.24 
140.0 146.24 9.0 11.68 13.0 11.2 18.0 12.94 10.0 9.38 126.0 127.84 12.0 12.18 9.0 10.74 10.0 11.46 9.0 9.24 
106.0 144.16 10.0 11.62 10.0 11.08 15.0 13.04 9.0 9.38 196.0 131.14 14.0 12.2 10.0 10.68 11.0 11.52 9.0 9.24 
71.0 142.88 16.0 11.64 13.0 11.16 15.0 13.02 10.0 9.42 200.0 133.56 11.0 12.24 8.0 10.62 12.0 11.54 9.0 9.24 
189.0 144.42 8.0 11.62 10.0 11.14 10.0 12.88 10.0 9.42 248.0 135.38 10.0 12.1 9.0 10.6 8.0 11.5 8.0 9.2 
109.0 145.38 9.0 11.36 10.0 11.04 14.0 12.7 10.0 9.38 167.0 137.22 11.0 12.14 9.0 10.52 10.0 11.44 9.0 9.22 
181.0 143.1 10.0 11.28 10.0 11.0 10.0 12.7 8.0 9.34 212.0 139.66 9.0 12.12 15.0 10.46 11.0 11.38 9.0 9.2 
143.0 143.34 10.0 11.16 10.0 10.98 12.0 12.72 8.0 9.32 115.0 140.84 14.0 12.22 10.0 10.34 10.0 11.38 9.0 9.22 
143.0 142.58 9.0 11.1 10.0 10.84 11.0 12.62 10.0 9.34 185.0 141.92 15.0 12.3 8.0 10.34 9.0 11.28 9.0 9.22 
134.0 143.92 15.0 11.18 10.0 10.86 11.0 12.6 9.0 9.36 158.0 142.8 19.0 12.46 11.0 10.24 9.0 11.26 10.0 9.22 
63.0 143.52 10.0 11.12 10.0 10.72 11.0 12.64 9.0 9.36 120.0 142.72 14.0 12.58 10.0 10.26 10.0 11.14 9.0 9.2 
205.0 145.94 11.0 11.16 8.0 10.66 16.0 12.58 10.0 9.34 148.0 143.2 14.0 12.62 15.0 10.28 12.0 11.14 10.0 9.2 
213.0 147.86 9.0 11.16 9.0 10.44 13.0 12.5 9.0 9.32 178.0 144.96 20.0 12.62 11.0 10.3 10.0 11.02 9.0 9.22 
259.0 150.36 9.0 11.14 10.0 10.3 11.0 12.5 10.0 9.34 262.0 147.26 11.0 12.46 9.0 10.22 9.0 10.98 10.0 9.22 
169.0 150.06 10.0 11.06 11.0 10.3 13.0 12.4 9.0 9.32 288.0 151.72 14.0 12.54 11.0 10.26 10.0 10.96 9.0 9.2 
194.0 151.92 14.0 11.04 11.0 10.26 12.0 12.42 8.0 9.3 307.0 156.66 16.0 12.7 9.0 10.2 10.0 10.86 10.0 9.2 
112.0 151.98 9.0 11.04 9.0 10.28 14.0 12.42 9.0 9.3 245.0 159.32 18.0 12.86 12.0 10.26 9.0 10.82 10.0 9.2 
330.0 155.96 10.0 10.98 10.0 10.24 14.0 12.4 11.0 9.36 253.0 163.62 15.0 12.94 10.0 10.26 10.0 10.82 9.0 9.2 
213.0 156.9 9.0 10.96 9.0 10.22 13.0 12.4 10.0 9.36 123.0 164.58 13.0 13.0 8.0 10.22 10.0 10.78 10.0 9.22 
224.0 157.88 9.0 10.92 10.0 10.18 14.0 12.44 8.0 9.34 173.0 165.24 11.0 12.86 12.0 10.28 10.0 10.76 9.0 9.22 
100.0 156.72 9.0 10.86 10.0 10.18 14.0 12.46 8.0 9.32 50.0 163.88 16.0 12.96 15.0 10.36 11.0 10.74 10.0 9.26 
97.0 152.78 9.0 10.7 13.0 10.14 16.0 12.48 10.0 9.28 161.0 164.34 19.0 13.1 10.0 10.36 8.0 10.64 10.0 9.3 
114.0 152.5 10.0 10.5 11.0 10.16 18.0 12.62 10.0 9.3 124.0 164.74 12.0 13.12 10.0 10.4 9.0 10.56 11.0 9.34 
64.0 151.58 13.0 10.38 13.0 10.24 11.0 12.66 10.0 9.3 239.0 165.38 23.0 13.36 10.0 10.36 9.0 10.48 8.0 9.34 
98.0 152.88 8.0 10.34 12.0 10.28 13.0 12.54 8.0 9.3 157.0 165.14 10.0 13.28 13.0 10.44 9.0 10.5 9.0 9.34 
85.0 151.92 11.0 10.38 12.0 10.36 14.0 12.54 9.0 9.28 124.0 165.6 10.0 13.26 11.0 10.38 8.0 10.44 10.0 9.34 
147.0 152.08 10.0 10.3 9.0 10.38 15.0 12.56 9.0 9.3 209.0 166.84 12.0 13.26 10.0 10.36 10.0 10.44 12.0 9.4 
44.0 148.26 11.0 10.34 13.0 10.44 17.0 12.66 8.0 9.28 286.0 168.32 11.0 13.28 11.0 10.32 8.0 10.42 10.0 9.4 
173.0 148.44 9.0 10.32 12.0 10.44 12.0 12.68 10.0 9.3 148.0 168.96 14.0 13.3 10.0 10.32 8.0 10.38 10.0 9.44 
154.0 148.7 12.0 10.36 15.0 10.5 14.0 12.72 10.0 9.32 93.0 168.48 17.0 13.24 10.0 10.32 10.0 10.34 10.0 9.44 
152.0 147.72 10.0 10.36 10.0 10.52 13.0 12.74 10.0 9.34 155.0 170.0 11.0 13.26 10.0 10.32 8.0 10.24 9.0 9.46 
133.0 148.94 9.0 10.22 9.0 10.46 16.0 12.88 10.0 9.38 144.0 169.38 17.0 13.4 8.0 10.16 11.0 10.28 8.0 9.46 
136.0 147.9 10.0 10.24 10.0 10.5 11.0 12.84 9.0 9.4 212.0 170.74 15.0 13.44 11.0 10.18 10.0 10.26 10.0 9.48 
37.0 146.36 8.0 10.2 12.0 10.5 14.0 12.92 10.0 9.44 128.0 170.44 30.0 13.74 8.0 10.1 12.0 10.3 11.0 9.5 
112.0 146.5 10.0 10.2 10.0 10.52 25.0 13.18 8.0 9.38 181.0 170.54 13.0 13.8 9.0 10.08 10.0 10.32 10.0 9.48 
119.0 146.2 10.0 10.22 8.0 10.52 20.0 13.4 8.0 9.36 76.0 168.84 20.0 13.96 9.0 10.06 12.0 10.22 8.0 9.46 
104.0 143.2 11.0 10.26 11.0 10.54 10.0 13.36 9.0 9.36 197.0 171.86 16.0 14.06 13.0 10.12 10.0 10.22 10.0 9.48 
47.0 142.88 10.0 10.28 10.0 10.5 19.0 13.46 10.0 9.36 122.0 173.22 13.0 13.98 12.0 10.18 10.0 10.2 9.0 9.5 
55.0 140.72 9.0 10.22 11.0 10.54 26.0 13.72 9.0 9.34 139.0 172.84 12.0 14.02 10.0 10.2 10.0 10.12 11.0 9.52 
40.0 139.98 9.0 10.18 11.0 10.52 31.0 14.14 10.0 9.36 384.0 177.52 14.0 14.08 10.0 10.2 12.0 10.14 10.0 9.54 
36.0 137.2 14.0 10.26 10.0 10.48 24.0 14.4 9.0 9.34 154.0 178.04 17.0 14.14 11.0 10.24 9.0 10.06 9.0 9.54 
134.0 132.0 8.0 10.22 12.0 10.54 23.0 14.66 10.0 9.36 140.0 178.22 19.0 14.32 14.0 10.32 9.0 9.92 8.0 9.52 
114.0 131.22 10.0 10.14 10.0 10.5 9.0 14.58 8.0 9.34 203.0 176.68 19.0 14.48 9.0 10.32 11.0 9.88 9.0 9.52 
53.0 127.7 12.0 10.18 11.0 10.5 14.0 14.66 10.0 9.36 400.0 181.88 17.0 14.54 8.0 10.28 11.0 9.86 10.0 9.52 
122.0 127.28 15.0 10.28 10.0 10.5 26.0 14.96 10.0 9.4 401.0 187.0 13.0 14.62 9.0 10.28 9.0 9.84 10.0 9.54 
29.0 125.88 9.0 10.26 14.0 10.56 11.0 14.94 10.0 9.42 192.0 187.46 13.0 14.64 9.0 10.26 11.0 9.8 10.0 9.54 
148.0 126.86 10.0 10.3 8.0 10.56 45.0 15.54 9.0 9.38 133.0 185.96 18.0 14.8 14.0 10.3 10.0 9.82 10.0 9.54 
114.0 127.34 10.0 10.28 11.0 10.58 13.0 15.58 10.0 9.38 431.0 192.2 16.0 14.74 11.0 10.32 11.0 9.84 10.0 9.54 
118.0 125.94 10.0 10.28 14.0 10.66 13.0 15.5 10.0 9.34 206.0 192.5 16.0 14.86 11.0 10.36 8.0 9.8 9.0 9.52 
156.0 126.34 9.0 10.22 10.0 10.68 13.0 15.56 9.0 9.32 160.0 192.02 22.0 15.06 8.0 10.36 11.0 9.86 9.0 9.52 
145.0 127.56 10.0 10.22 9.0 10.68 13.0 15.6 9.0 9.32 171.0 192.48 12.0 14.96 10.0 10.4 11.0 9.92 9.0 9.5 
140.0 127.56 8.0 10.2 10.0 10.62 15.0 15.54 10.0 9.32 238.0 194.72 11.0 14.94 9.0 10.4 18.0 10.08 10.0 9.52 
139.0 128.22 8.0 10.16 9.0 10.6 20.0 15.64 10.0 9.34 196.0 194.72 18.0 15.02 9.0 10.38 13.0 10.12 8.0 9.5 
127.0 129.34 8.0 10.0 12.0 10.58 13.0 15.6 10.0 9.34 221.0 195.14 20.0 15.2 9.0 10.4 11.0 10.1 10.0 9.52 
150.0 128.56 11.0 10.06 19.0 10.76 18.0 15.76 10.0 9.34 177.0 193.72 17.0 15.34 8.0 10.38 11.0 10.16 10.0 9.56 
162.0 129.62 10.0 10.08 10.0 10.76 16.0 15.8 9.0 9.32 117.0 192.72 18.0 15.48 10.0 10.4 10.0 10.16 10.0 9.58 
164.0 129.28 9.0 10.06 10.0 10.76 9.0 15.78 9.0 9.34 171.0 191.9 20.0 15.7 10.0 10.3 12.0 10.18 9.0 9.58 
225.0 130.92 9.0 10.04 9.0 10.74 14.0 15.82 9.0 9.36 167.0 192.94 21.0 15.84 10.0 10.3 10.0 10.18 9.0 9.58 
173.0 131.52 9.0 10.04 11.0 10.76 14.0 15.88 10.0 9.36 174.0 192.72 25.0 16.04 12.0 10.38 8.0 10.16 10.0 9.6 
211.0 133.06 10.0 9.94 18.0 10.92 10.0 15.86 9.0 9.36 161.0 192.78 15.0 15.96 10.0 10.36 11.0 10.2 10.0 9.6 
245.0 136.7 11.0 9.96 10.0 10.92 10.0 15.84 9.0 9.36 318.0 196.74 14.0 15.96 10.0 10.36 10.0 10.2 10.0 9.62 
273.0 138.06 11.0 9.96 10.0 10.96 13.0 15.78 11.0 9.38 142.0 196.62 15.0 15.98 9.0 10.24 10.0 10.16 8.0 9.58 
310.0 140.0 11.0 10.0 10.0 10.98 16.0 15.84 8.0 9.36 151.0 196.08 22.0 16.02 9.0 10.2 10.0 10.16 9.0 9.58 
294.0 140.7 9.0 10.0 10.0 10.98 18.0 15.98 9.0 9.34 97.0 192.78 10.0 16.0 14.0 10.3 9.0 10.16 10.0 9.58 
279.0 142.9 10.0 10.0 10.0 10.96 15.0 16.02 10.0 9.36 192.0 190.86 17.0 16.06 9.0 10.26 10.0 10.16 10.0 9.6 
277.0 144.56 10.0 9.92 10.0 10.94 10.0 15.98 11.0 9.42 153.0 187.78 25.0 16.24 9.0 10.26 10.0 10.16 11.0 9.62 
281.0 147.94 10.0 9.94 10.0 10.96 12.0 15.94 10.0 9.44 275.0 188.38 17.0 16.22 10.0 10.22 11.0 10.2 9.0 9.6 
255.0 146.44 8.0 9.9 9.0 10.94 12.0 15.9 10.0 9.42 356.0 190.44 17.0 16.26 8.0 10.18 12.0 10.24 9.0 9.6 
242.0 147.02 9.0 9.9 10.0 10.96 12.0 15.88 10.0 9.42 222.0 192.42 14.0 16.28 11.0 10.24 10.0 10.24 10.0 9.6 
150.0 145.54 10.0 9.92 10.0 10.96 13.0 15.86 10.0 9.46 169.0 192.34 18.0 16.42 10.0 10.2 13.0 10.3 10.0 9.62 
175.0 147.04 10.0 9.94 10.0 10.96 12.0 15.82 10.0 9.5 297.0 197.28 12.0 16.34 9.0 10.08 9.0 10.26 10.0 9.62 
153.0 148.16 9.0 9.94 10.0 10.9 12.0 15.74 9.0 9.48 189.0 197.84 22.0 16.4 10.0 10.08 11.0 10.32 9.0 9.6 
178.0 149.44 9.0 9.92 9.0 10.86 13.0 15.64 10.0 9.48 295.0 201.26 14.0 16.44 11.0 10.1 10.0 10.34 9.0 9.56 
134.0 150.84 10.0 9.86 10.0 10.8 14.0 15.7 10.0 9.48 105.0 198.58 13.0 16.24 10.0 10.1 9.0 10.34 9.0 9.58 
58.0 150.04 12.0 9.94 9.0 10.74 11.0 15.66 9.0 9.5 334.0 202.12 21.0 16.46 12.0 10.08 9.0 10.34 11.0 9.62 
115.0 150.64 12.0 9.96 9.0 10.68 12.0 15.62 9.0 9.5 131.0 202.26 21.0 16.68 9.0 10.04 10.0 10.38 10.0 9.62 
124.0 150.18 10.0 9.96 10.0 10.7 11.0 15.54 9.0 9.5 87.0 199.82 15.0 16.74 13.0 10.1 12.0 10.42 9.0 9.56 
87.0 151.04 8.0 9.9 12.0 10.68 10.0 15.4 10.0 9.54 114.0 196.38 17.0 16.86 10.0 10.08 13.0 10.52 9.0 9.54 
21.0 148.0 9.0 9.9 9.0 10.62 12.0 15.4 9.0 9.52 116.0 195.74 11.0 16.8 12.0 10.12 9.0 10.54 8.0 9.5 
44.0 145.8 9.0 9.84 9.0 10.5 12.0 15.36 8.0 9.48 112.0 196.12 14.0 16.74 10.0 10.12 11.0 10.56 10.0 9.5 
123.0 145.22 14.0 9.92 9.0 10.48 11.0 15.32 10.0 9.48 101.0 195.04 17.0 16.86 11.0 10.14 11.0 10.62 10.0 9.52 
161.0 145.78 9.0 9.92 9.0 10.48 13.0 15.26 9.0 9.46 106.0 194.28 15.0 16.82 13.0 10.24 22.0 10.84 9.0 9.54 
185.0 146.76 9.0 9.9 10.0 10.48 12.0 15.28 9.0 9.46 114.0 192.32 22.0 16.96 10.0 10.22 11.0 10.86 10.0 9.54 
138.0 148.78 9.0 9.92 8.0 10.4 14.0 15.28 8.0 9.42 104.0 191.84 19.0 16.74 9.0 10.24 10.0 10.82 9.0 9.5 
136.0 149.26 10.0 9.92 10.0 10.4 10.0 14.98 10.0 9.46 110.0 190.42 13.0 16.74 9.0 10.24 9.0 10.8 8.0 9.46 
61.0 148.1 10.0 9.92 10.0 10.44 11.0 14.8 9.0 9.48 104.0 190.98 14.0 16.62 10.0 10.26 10.0 10.76 8.0 9.46 
172.0 149.46 10.0 9.9 10.0 10.42 12.0 14.84 9.0 9.48 120.0 189.44 13.0 16.56 10.0 10.2 10.0 10.76 11.0 9.48 
118.0 150.88 9.0 9.88 10.0 10.42 11.0 14.68 9.0 9.46 102.0 189.04 14.0 16.58 10.0 10.16 11.0 10.78 10.0 9.5 
159.0 152.96 11.0 9.92 9.0 10.38 10.0 14.36 10.0 9.48 141.0 189.08 19.0 16.72 9.0 10.14 9.0 10.76 9.0 9.46 
35.0 152.86 8.0 9.9 8.0 10.32 10.0 13.94 9.0 9.46 123.0 183.86 13.0 16.7 8.0 10.1 10.0 10.72 10.0 9.46 
24.0 152.62 13.0 9.88 11.0 10.34 10.0 13.66 10.0 9.48 125.0 183.28 22.0 16.8 10.0 10.08 9.0 10.72 9.0 9.46 
189.0 153.72 10.0 9.92 10.0 10.3 9.0 13.38 11.0 9.5 134.0 183.16 16.0 16.74 8.0 9.96 10.0 10.74 9.0 9.48 
146.0 154.36 10.0 9.92 10.0 10.3 10.0 13.4 9.0 9.52 93.0 180.96 22.0 16.8 11.0 10.0 9.0 10.7 10.0 9.5 
177.0 156.84 11.0 9.9 10.0 10.28 13.0 13.38 10.0 9.52 131.0 175.58 18.0 16.82 11.0 10.06 15.0 10.78 11.0 9.52 
158.0 157.56 12.0 9.84 11.0 10.3 11.0 13.08 9.0 9.5 115.0 169.86 18.0 16.92 8.0 10.04 17.0 10.94 9.0 9.5 
184.0 160.66 10.0 9.86 9.0 10.2 14.0 13.14 8.0 9.46 128.0 168.58 18.0 17.02 9.0 10.04 13.0 10.98 9.0 9.48 
128.0 160.26 9.0 9.84 8.0 10.2 11.0 12.46 10.0 9.48 134.0 168.6 27.0 17.2 10.0 9.96 11.0 11.0 10.0 9.48 
168.0 161.34 8.0 9.8 9.0 10.16 10.0 12.4 9.0 9.46 118.0 162.34 18.0 17.24 9.0 9.92 11.0 11.0 9.0 9.46 
203.0 163.04 10.0 9.8 9.0 10.06 10.0 12.34 9.0 9.44 111.0 160.44 13.0 17.18 8.0 9.86 9.0 11.02 10.0 9.48 
161.0 163.14 8.0 9.78 9.0 10.04 9.0 12.26 9.0 9.44 174.0 160.72 15.0 17.04 10.0 9.9 9.0 10.98 9.0 9.48 
208.0 164.4 9.0 9.76 9.0 10.04 10.0 12.2 10.0 9.46 116.0 159.62 18.0 17.16 11.0 9.92 10.0 10.96 10.0 9.5 
142.0 164.44 9.0 9.78 11.0 10.06 12.0 12.14 8.0 9.42 109.0 157.04 16.0 17.26 10.0 9.94 8.0 10.76 9.0 9.48 
170.0 165.06 10.0 9.82 9.0 10.06 10.0 11.94 9.0 9.4 116.0 155.44 15.0 17.2 10.0 9.96 15.0 10.8 10.0 9.52 
242.0 167.36 9.0 9.84 9.0 10.0 11.0 11.9 9.0 9.38 138.0 153.78 12.0 17.04 11.0 10.0 11.0 10.8 9.0 9.5 
137.0 167.1 10.0 9.82 8.0 9.78 11.0 11.76 11.0 9.4 140.0 153.04 22.0 17.14 9.0 10.02 8.0 10.74 9.0 9.48 
203.0 167.92 9.0 9.8 12.0 9.82 9.0 11.62 9.0 9.4 173.0 154.16 13.0 17.04 10.0 10.02 11.0 10.76 10.0 9.48 
181.0 168.26 12.0 9.86 10.0 9.82 13.0 11.7 10.0 9.42 142.0 153.58 15.0 16.94 12.0 10.06 9.0 10.7 11.0 9.52 
162.0 167.0 10.0 9.88 8.0 9.8 9.0 11.6 9.0 9.42 172.0 153.68 11.0 16.74 10.0 10.06 11.0 10.72 10.0 9.54 
320.0 169.94 12.0 9.94 9.0 9.76 11.0 11.54 9.0 9.4 142.0 153.04 13.0 16.5 10.0 10.02 12.0 10.8 9.0 9.52 
213.0 169.98 12.0 9.98 10.0 9.6 11.0 11.56 9.0 9.4 113.0 152.08 10.0 16.4 9.0 10.0 15.0 10.88 10.0 9.52 
171.0 168.5 9.0 9.94 9.0 9.58 11.0 11.58 10.0 9.42 122.0 148.16 10.0 16.32 9.0 9.98 23.0 11.14 8.0 9.48 
264.0 168.32 8.0 9.88 8.0 9.54 11.0 11.54 10.0 9.4 121.0 147.74 15.0 16.32 9.0 9.98 10.0 11.14 9.0 9.5 
260.0 167.32 8.0 9.82 8.0 9.5 11.0 11.44 9.0 9.42 143.0 147.58 18.0 16.24 8.0 9.96 12.0 11.18 10.0 9.52 
248.0 166.4 8.0 9.8 9.0 9.48 11.0 11.3 8.0 9.4 144.0 148.52 17.0 16.38 8.0 9.84 11.0 11.22 10.0 9.52 
122.0 163.26 12.0 9.84 10.0 9.48 12.0 11.24 10.0 9.4 37.0 145.42 17.0 16.38 8.0 9.82 9.0 11.2 11.0 9.54 
231.0 162.34 10.0 9.84 9.0 9.46 13.0 11.3 10.0 9.38 195.0 146.26 11.0 16.1 10.0 9.84 14.0 11.28 11.0 9.54 
337.0 163.46 9.0 9.82 9.0 9.44 12.0 11.3 10.0 9.38 127.0 143.3 13.0 16.02 9.0 9.82 9.0 11.24 10.0 9.56 
267.0 163.7 8.0 9.82 9.0 9.44 9.0 11.24 9.0 9.36 73.0 137.64 13.0 15.94 8.0 9.82 11.0 11.22 10.0 9.58 
326.0 165.38 10.0 9.84 14.0 9.52 10.0 11.2 8.0 9.32 149.0 136.18 13.0 15.92 11.0 9.82 9.0 11.2 10.0 9.58 
327.0 168.92 11.0 9.86 10.0 9.52 10.0 11.14 11.0 9.34 177.0 136.34 15.0 15.86 9.0 9.8 11.0 11.16 9.0 9.56 
317.0 171.76 11.0 9.88 9.0 9.5 12.0 11.14 10.0 9.34 141.0 133.22 14.0 15.9 9.0 9.8 9.0 11.16 10.0 9.56 
263.0 173.96 10.0 9.9 12.0 9.54 11.0 11.12 8.0 9.32 256.0 134.56 11.0 15.68 10.0 9.8 11.0 11.16 10.0 9.58 
156.0 173.52 10.0 9.92 9.0 9.54 11.0 11.08 10.0 9.32 28.0 129.22 11.0 15.62 9.0 9.76 9.0 11.14 10.0 9.6 
269.0 176.22 8.0 9.88 11.0 9.56 10.0 11.0 10.0 9.32 205.0 131.22 11.0 15.58 9.0 9.74 10.0 11.16 10.0 9.62 
346.0 181.98 10.0 9.84 10.0 9.58 11.0 11.0 9.0 9.32 234.0 129.22 16.0 15.48 10.0 9.7 10.0 11.18 9.0 9.58 
329.0 186.26 10.0 9.8 14.0 9.68 8.0 10.92 8.0 9.3 285.0 132.3 17.0 15.4 10.0 9.72 9.0 11.16 10.0 9.58 
139.0 186.56 13.0 9.86 10.0 9.68 12.0 10.94 9.0 9.3 316.0 136.88 11.0 15.32 9.0 9.64 11.0 11.14 9.0 9.58 
229.0 189.4 13.0 9.96 10.0 9.64 16.0 11.06 9.0 9.28 236.0 139.32 20.0 15.38 8.0 9.6 10.0 11.08 10.0 9.6 
361.0 196.2 8.0 9.94 10.0 9.66 11.0 11.04 11.0 9.32 187.0 140.74 15.0 15.46 8.0 9.52 24.0 11.38 9.0 9.62 
385.0 203.02 13.0 10.02 12.0 9.72 11.0 11.02 9.0 9.34 368.0 145.86 18.0 15.54 10.0 9.52 9.0 11.34 10.0 9.62 
500.0 210.56 9.0 9.92 9.0 9.72 9.0 10.98 10.0 9.34 109.0 146.02 11.0 15.42 9.0 9.48 9.0 11.3 10.0 9.62 
306.0 213.46 10.0 9.94 11.0 9.76 10.0 10.92 10.0 9.36 264.0 149.18 16.0 15.44 9.0 9.4 10.0 11.06 8.0 9.6 
500.0 219.76 10.0 9.96 10.0 9.76 10.0 10.88 10.0 9.38 224.0 151.38 11.0 15.22 10.0 9.4 9.0 11.02 10.0 9.6 
439.0 225.78 8.0 9.94 9.0 9.78 12.0 10.84 9.0 9.4 113.0 151.56 16.0 15.16 8.0 9.38 11.0 11.04 9.0 9.6 
269.0 228.44 11.0 9.96 8.0 9.74 10.0 10.84 9.0 9.38 182.0 153.0 16.0 15.22 9.0 9.38 10.0 11.06 10.0 9.64 
430.0 235.82 8.0 9.92 9.0 9.72 11.0 10.84 9.0 9.38 199.0 154.9 16.0 15.26 10.0 9.38 9.0 11.04 9.0 9.66 
500.0 242.38 10.0 9.92 9.0 9.7 13.0 10.86 10.0 9.4 315.0 158.8 10.0 15.2 9.0 9.36 9.0 11.02 10.0 9.64 
254.0 245.1 10.0 9.94 17.0 9.84 12.0 10.88 8.0 9.38 333.0 163.42 15.0 15.22 9.0 9.34 8.0 10.96 10.0 9.64 
500.0 251.92 10.0 9.92 10.0 9.86 11.0 10.9 8.0 9.34 485.0 170.3 13.0 15.1 9.0 9.34 9.0 10.96 10.0 9.66 
143.0 254.08 10.0 9.96 8.0 9.86 10.0 10.9 10.0 9.36 313.0 174.1 13.0 15.1 11.0 9.4 10.0 10.96 8.0 9.62 
369.0 260.98 9.0 9.88 11.0 9.86 12.0 10.94 9.0 9.34 62.0 172.84 19.0 15.04 8.0 9.36 11.0 11.0 9.0 9.62 
500.0 267.2 9.0 9.86 12.0 9.9 11.0 10.98 10.0 9.32 217.0 174.5 10.0 14.92 14.0 9.48 10.0 11.0 10.0 9.64 
173.0 267.74 9.0 9.84 12.0 9.94 11.0 11.0 9.0 9.32 253.0 177.7 22.0 14.92 9.0 9.44 11.0 11.04 10.0 9.64 
158.0 267.36 8.0 9.78 11.0 9.96 10.0 10.94 10.0 9.32 264.0 180.36 17.0 14.9 9.0 9.4 10.0 10.94 10.0 9.62 
68.0 265.56 8.0 9.7 8.0 9.9 9.0 10.9 9.0 9.32 295.0 183.96 14.0 14.82 9.0 9.42 10.0 10.8 8.0 9.6 
332.0 268.52 10.0 9.7 9.0 9.9 13.0 10.88 11.0 9.38 415.0 189.7 21.0 14.88 9.0 9.42 11.0 10.76 9.0 9.6 
229.0 270.54 11.0 9.74 11.0 9.96 10.0 10.86 8.0 9.34 224.0 191.5 10.0 14.54 8.0 9.38 8.0 10.7 9.0 9.58 
364.0 274.46 11.0 9.8 8.0 9.94 9.0 10.84 10.0 9.36 370.0 196.54 11.0 14.4 10.0 9.4 9.0 10.66 10.0 9.6 
234.0 275.08 9.0 9.78 10.0 9.96 23.0 11.1 9.0 9.36 103.0 196.38 13.0 14.4 9.0 9.42 11.0 10.7 9.0 9.58 
394.0 279.74 11.0 9.84 15.0 10.08 12.0 11.16 10.0 9.38 453.0 201.96 11.0 14.32 10.0 9.42 9.0 10.7 8.0 9.56 
293.0 281.44 9.0 9.84 9.0 10.08 8.0 11.12 10.0 9.38 204.0 203.72 13.0 14.22 10.0 9.4 9.0 10.68 10.0 9.56 
238.0 283.36 10.0 9.86 9.0 10.04 9.0 11.06 9.0 9.4 259.0 206.72 12.0 14.14 9.0 9.38 13.0 10.78 9.0 9.56 
500.0 289.96 9.0 9.84 10.0 10.06 19.0 11.24 9.0 9.4 245.0 209.3 14.0 14.12 10.0 9.38 12.0 10.72 10.0 9.56 
500.0 295.12 9.0 9.84 9.0 10.06 10.0 11.22 10.0 9.42 282.0 212.18 11.0 14.1 10.0 9.36 10.0 10.7 9.0 9.56 
500.0 302.38 15.0 9.94 8.0 10.06 14.0 11.28 9.0 9.38 172.0 212.82 9.0 13.84 9.0 9.36 15.0 10.84 10.0 9.58 
500.0 308.32 10.0 9.96 9.0 10.0 8.0 11.26 8.0 9.36 267.0 214.7 10.0 13.78 10.0 9.36 10.0 10.82 9.0 9.56 
261.0 309.92 13.0 9.98 9.0 9.98 11.0 11.22 9.0 9.34 195.0 215.76 11.0 13.7 10.0 9.32 12.0 10.88 9.0 9.52 
449.0 315.66 10.0 9.98 10.0 10.02 9.0 11.22 9.0 9.34 290.0 218.12 13.0 13.74 9.0 9.3 9.0 10.84 8.0 9.48 
377.0 316.8 10.0 9.94 9.0 10.02 9.0 11.18 10.0 9.36 40.0 216.08 13.0 13.74 10.0 9.3 14.0 10.88 10.0 9.5 
121.0 314.96 9.0 9.88 12.0 10.06 10.0 11.16 8.0 9.34 253.0 218.88 13.0 13.8 10.0 9.32 23.0 11.04 10.0 9.5 
500.0 321.54 10.0 9.9 10.0 10.08 13.0 11.2 9.0 9.32 87.0 218.18 21.0 14.02 10.0 9.34 10.0 10.78 10.0 9.54 
500.0 326.26 9.0 9.92 8.0 10.08 10.0 11.18 10.0 9.32 206.0 219.88 13.0 13.98 10.0 9.36 14.0 10.86 9.0 9.54 
419.0 329.44 10.0 9.96 10.0 10.12 10.0 11.16 9.0 9.32 229.0 221.6 15.0 13.92 9.0 9.38 24.0 11.1 9.0 9.52 
405.0 332.58 10.0 10.0 10.0 10.14 11.0 11.16 10.0 9.36 278.0 224.28 24.0 14.06 10.0 9.42 10.0 11.08 9.0 9.5 
474.0 339.62 10.0 9.96 8.0 10.1 10.0 11.12 10.0 9.36 214.0 227.82 17.0 14.06 13.0 9.52 11.0 11.12 10.0 9.48 
267.0 340.34 8.0 9.92 10.0 10.12 10.0 11.06 9.0 9.34 257.0 229.06 13.0 14.1 10.0 9.52 11.0 11.06 9.0 9.44 
500.0 343.6 9.0 9.92 10.0 10.14 11.0 11.04 9.0 9.32 270.0 231.92 18.0 14.2 10.0 9.54 8.0 11.04 8.0 9.4 
500.0 348.26 10.0 9.96 12.0 10.2 11.0 11.08 9.0 9.32 257.0 235.6 11.0 14.16 9.0 9.56 10.0 11.02 11.0 9.42 
236.0 346.46 10.0 9.96 9.0 10.1 10.0 11.08 9.0 9.34 261.0 237.84 12.0 14.14 11.0 9.56 27.0 11.38 10.0 9.42 
500.0 349.92 9.0 9.92 12.0 10.14 9.0 11.06 14.0 9.4 341.0 241.12 10.0 14.04 9.0 9.56 11.0 11.38 9.0 9.42 
500.0 353.58 9.0 9.88 10.0 10.16 12.0 11.06 9.0 9.38 34.0 238.98 16.0 14.08 10.0 9.58 9.0 11.38 9.0 9.4 
500.0 358.32 10.0 9.88 11.0 10.14 10.0 11.04 9.0 9.4 280.0 239.46 15.0 14.16 10.0 9.58 8.0 11.32 9.0 9.38 
500.0 365.2 10.0 9.88 9.0 10.14 9.0 11.0 10.0 9.4 314.0 245.18 9.0 14.12 10.0 9.6 9.0 11.32 9.0 9.36 
328.0 366.38 9.0 9.9 11.0 10.14 10.0 11.0 10.0 9.4 472.0 250.52 15.0 14.2 9.0 9.6 9.0 11.3 10.0 9.36 
166.0 362.78 10.0 9.9 10.0 10.14 10.0 10.98 9.0 9.4 349.0 252.82 10.0 14.08 9.0 9.58 8.0 11.26 10.0 9.38 
452.0 365.24 10.0 9.9 11.0 10.08 10.0 11.02 10.0 9.44 215.0 251.42 12.0 13.98 9.0 9.56 11.0 11.3 10.0 9.38 
500.0 372.46 11.0 9.86 10.0 10.08 10.0 10.98 9.0 9.44 500.0 255.1 13.0 14.02 9.0 9.56 9.0 11.26 10.0 9.4 
500.0 377.88 10.0 9.8 10.0 10.08 9.0 10.84 9.0 9.44 286.0 256.1 11.0 13.84 8.0 9.56 12.0 11.3 10.0 9.4 
500.0 380.66 9.0 9.82 9.0 10.06 10.0 10.82 10.0 9.42 500.0 262.36 10.0 13.74 10.0 9.6 11.0 11.04 9.0 9.4 
446.0 381.88 13.0 9.82 11.0 10.04 10.0 10.8 10.0 9.44 454.0 264.08 10.0 13.58 9.0 9.58 10.0 11.06 8.0 9.36 
403.0 379.94 10.0 9.84 9.0 10.04 12.0 10.86 9.0 9.42 263.0 267.16 12.0 13.6 9.0 9.58 9.0 11.06 10.0 9.36 
456.0 382.94 10.0 9.84 10.0 10.02 18.0 11.02 9.0 9.4 424.0 270.36 16.0 13.6 9.0 9.58 12.0 11.1 10.0 9.4 
349.0 379.92 9.0 9.82 11.0 10.04 13.0 11.08 11.0 9.42 384.0 273.56 13.0 13.64 8.0 9.54 10.0 11.12 10.0 9.4 
235.0 375.84 10.0 9.86 11.0 10.08 9.0 11.02 8.0 9.4 438.0 280.06 15.0 13.62 9.0 9.56 9.0 11.08 8.0 9.38 
220.0 374.86 10.0 9.84 9.0 10.1 15.0 11.12 10.0 9.42 500.0 286.42 19.0 13.68 9.0 9.56 10.0 11.08 9.0 9.36 
223.0 370.72 9.0 9.86 10.0 10.12 17.0 11.24 9.0 9.42 296.0 288.36 10.0 13.56 9.0 9.54 10.0 11.1 9.0 9.36 
195.0 364.62 10.0 9.86 10.0 10.14 10.0 11.18 9.0 9.4 200.0 286.06 13.0 13.62 10.0 9.56 20.0 11.32 9.0 9.34 
183.0 363.2 9.0 9.84 8.0 9.96 9.0 11.12 9.0 9.42 219.0 283.78 13.0 13.58 9.0 9.56 9.0 11.34 8.0 9.3 
115.0 355.5 10.0 9.84 9.0 9.94 9.0 11.08 9.0 9.44 500.0 284.08 19.0 13.7 9.0 9.56 11.0 11.38 10.0 9.3 
130.0 355.24 10.0 9.84 9.0 9.96 10.0 11.08 9.0 9.42 374.0 285.3 16.0 13.76 9.0 9.52 9.0 11.36 10.0 9.34 
108.0 350.02 10.0 9.86 9.0 9.92 9.0 11.02 9.0 9.42 329.0 290.64 13.0 13.64 9.0 9.54 10.0 11.34 10.0 9.36 
122.0 342.46 10.0 9.88 8.0 9.84 10.0 11.0 11.0 9.44 251.0 291.32 10.0 13.64 10.0 9.46 12.0 11.38 10.0 9.36 
105.0 341.1 9.0 9.88 9.0 9.78 10.0 10.98 9.0 9.44 240.0 291.06 11.0 13.42 10.0 9.48 9.0 11.34 10.0 9.36 
146.0 340.86 10.0 9.92 9.0 9.74 13.0 11.04 10.0 9.44 500.0 295.78 14.0 13.36 9.0 9.48 9.0 11.32 10.0 9.36 
144.0 342.38 8.0 9.92 10.0 9.78 9.0 11.04 10.0 9.46 69.0 291.26 19.0 13.46 10.0 9.5 18.0 11.48 10.0 9.4 
33.0 336.4 10.0 9.92 16.0 9.92 9.0 10.96 11.0 9.46 243.0 287.82 10.0 13.24 10.0 9.52 15.0 11.56 11.0 9.44 
143.0 334.68 9.0 9.88 8.0 9.86 11.0 10.98 10.0 9.5 316.0 289.66 19.0 13.42 9.0 9.54 13.0 11.66 10.0 9.46 
152.0 330.44 10.0 9.86 9.0 9.88 9.0 10.98 8.0 9.46 289.0 288.04 9.0 13.38 10.0 9.54 9.0 11.66 10.0 9.46 
153.0 328.82 9.0 9.86 11.0 9.9 12.0 10.76 10.0 9.48 234.0 290.66 12.0 13.36 10.0 9.56 10.0 11.64 8.0 9.44 
144.0 323.82 14.0 9.92 9.0 9.78 10.0 10.72 10.0 9.48 418.0 289.96 10.0 13.34 9.0 9.54 13.0 11.72 10.0 9.48 
149.0 320.94 10.0 9.94 8.0 9.76 9.0 10.74 9.0 9.46 347.0 292.82 17.0 13.42 13.0 9.6 12.0 11.78 11.0 9.5 
145.0 319.08 10.0 9.94 9.0 9.76 8.0 10.72 10.0 9.48 364.0 294.92 13.0 13.44 8.0 9.58 12.0 11.76 10.0 9.52 
119.0 311.46 10.0 9.96 9.0 9.74 9.0 10.52 9.0 9.48 376.0 297.54 9.0 13.34 11.0 9.6 12.0 11.76 9.0 9.5 
186.0 305.18 10.0 9.98 10.0 9.76 13.0 10.58 8.0 9.44 500.0 301.9 14.0 13.4 11.0 9.62 11.0 11.78 9.0 9.5 
179.0 298.76 8.0 9.84 10.0 9.8 12.0 10.54 11.0 9.48 274.0 303.94 10.0 13.42 9.0 9.62 11.0 11.7 10.0 9.5 
166.0 292.08 9.0 9.82 12.0 9.86 10.0 10.58 8.0 9.48 230.0 303.2 14.0 13.5 10.0 9.62 13.0 11.76 9.0 9.5 
193.0 290.72 9.0 9.74 9.0 9.86 9.0 10.54 10.0 9.5 231.0 303.92 12.0 13.52 11.0 9.64 10.0 11.72 9.0 9.5 
178.0 285.3 9.0 9.72 10.0 9.86 9.0 10.54 9.0 9.5 220.0 302.52 9.0 13.44 10.0 9.66 11.0 11.76 9.0 9.52 
149.0 280.74 9.0 9.7 10.0 9.88 9.0 10.54 10.0 9.5 270.0 307.12 12.0 13.42 10.0 9.66 10.0 11.68 10.0 9.52 
177.0 281.86 11.0 9.74 11.0 9.86 10.0 10.54 9.0 9.52 162.0 305.3 18.0 13.52 11.0 9.68 9.0 11.4 9.0 9.5 
178.0 275.42 11.0 9.76 8.0 9.82 10.0 10.48 10.0 9.54 123.0 306.02 10.0 13.3 9.0 9.66 10.0 11.4 10.0 9.5 
176.0 268.94 9.0 9.76 10.0 9.86 11.0 10.5 8.0 9.5 166.0 305.22 10.0 13.24 10.0 9.66 11.0 11.34 10.0 9.52 
154.0 263.64 9.0 9.74 11.0 9.88 9.0 10.48 9.0 9.5 144.0 303.52 15.0 13.24 9.0 9.66 14.0 11.14 10.0 9.54 
168.0 258.9 9.0 9.72 10.0 9.88 9.0 10.44 9.0 9.48 140.0 300.76 15.0 13.06 9.0 9.64 11.0 11.16 10.0 9.56 
159.0 252.6 8.0 9.68 10.0 9.92 9.0 10.42 8.0 9.44 118.0 298.84 13.0 12.98 9.0 9.56 11.0 11.16 9.0 9.54 
172.0 250.7 12.0 9.76 9.0 9.9 11.0 10.44 10.0 9.46 131.0 296.32 13.0 12.98 11.0 9.58 10.0 11.14 9.0 9.54 
168.0 244.06 10.0 9.78 9.0 9.88 8.0 10.38 8.0 9.44 123.0 293.38 12.0 12.86 12.0 9.62 10.0 11.18 8.0 9.54 
210.0 238.26 9.0 9.76 10.0 9.84 9.0 10.34 11.0 9.48 121.0 290.66 16.0 12.96 9.0 9.62 9.0 11.16 8.0 9.48 
149.0 236.52 12.0 9.8 13.0 9.92 12.0 10.38 10.0 9.5 117.0 287.78 11.0 12.94 14.0 9.68 11.0 10.84 9.0 9.46 
154.0 229.6 10.0 9.82 10.0 9.88 10.0 10.4 8.0 9.38 151.0 283.98 16.0 13.06 8.0 9.66 8.0 10.78 8.0 9.44 
137.0 222.34 8.0 9.8 9.0 9.86 10.0 10.36 9.0 9.38 102.0 285.34 9.0 12.92 10.0 9.66 10.0 10.8 10.0 9.46 
145.0 215.24 9.0 9.78 10.0 9.84 10.0 10.36 9.0 9.38 116.0 282.06 11.0 12.84 8.0 9.62 11.0 10.86 8.0 9.44 
163.0 208.5 9.0 9.76 11.0 9.88 10.0 10.38 9.0 9.36 129.0 278.36 15.0 12.96 9.0 9.6 10.0 10.88 10.0 9.46 
156.0 205.06 10.0 9.78 10.0 9.86 12.0 10.42 9.0 9.34 134.0 271.6 14.0 12.94 13.0 9.68 9.0 10.88 10.0 9.46 
166.0 205.06 9.0 9.76 10.0 9.86 9.0 10.4 10.0 9.36 114.0 266.9 17.0 13.08 10.0 9.7 11.0 10.94 9.0 9.44 
180.0 199.62 9.0 9.74 9.0 9.82 10.0 10.4 9.0 9.34 124.0 265.08 12.0 13.08 13.0 9.78 9.0 10.9 10.0 9.44 
137.0 192.36 12.0 9.76 11.0 9.84 10.0 10.4 10.0 9.36 140.0 257.88 19.0 13.2 11.0 9.82 11.0 10.94 8.0 9.4 
175.0 185.86 10.0 9.76 9.0 9.82 10.0 10.42 9.0 9.36 158.0 255.32 19.0 13.36 9.0 9.84 12.0 10.94 9.0 9.38 
183.0 179.52 10.0 9.78 9.0 9.82 8.0 10.38 9.0 9.34 106.0 247.44 15.0 13.46 9.0 9.82 11.0 10.94 10.0 9.4 
233.0 175.26 11.0 9.74 9.0 9.78 9.0 10.36 10.0 9.34 132.0 241.0 12.0 13.5 13.0 9.9 10.0 10.94 9.0 9.42 
263.0 172.46 10.0 9.74 9.0 9.78 9.0 10.3 10.0 9.36 120.0 238.14 12.0 13.5 10.0 9.92 11.0 10.98 8.0 9.38 
288.0 169.1 9.0 9.72 8.0 9.74 10.0 10.14 10.0 9.38 139.0 232.44 15.0 13.48 9.0 9.92 10.0 10.94 10.0 9.38 
413.0 170.38 10.0 9.74 9.0 9.7 9.0 10.06 9.0 9.34 138.0 227.52 13.0 13.48 8.0 9.92 10.0 10.94 9.0 9.36 
230.0 170.28 8.0 9.7 9.0 9.66 10.0 10.08 11.0 9.4 126.0 221.28 18.0 13.54 10.0 9.94 10.0 10.96 9.0 9.38 
328.0 172.44 11.0 9.72 10.0 9.68 10.0 9.98 9.0 9.38 149.0 214.26 16.0 13.48 10.0 9.96 11.0 10.98 10.0 9.4 
387.0 175.72 9.0 9.72 10.0 9.68 9.0 9.82 9.0 9.38 156.0 211.46 14.0 13.56 9.0 9.96 13.0 11.04 9.0 9.4 
500.0 181.82 12.0 9.76 9.0 9.66 10.0 9.82 10.0 9.4 172.0 210.9 9.0 13.48 10.0 9.96 23.0 11.1 10.0 9.42 
489.0 187.94 10.0 9.78 8.0 9.66 10.0 9.84 9.0 9.4 185.0 210.22 12.0 13.46 9.0 9.96 9.0 11.1 9.0 9.44 
500.0 195.64 8.0 9.74 11.0 9.7 10.0 9.86 10.0 9.42 158.0 203.38 15.0 13.38 11.0 10.0 10.0 11.08 10.0 9.44 
500.0 203.04 9.0 9.72 9.0 9.7 11.0 9.88 10.0 9.44 212.0 200.14 12.0 13.3 9.0 10.0 8.0 11.06 10.0 9.44 
500.0 210.88 15.0 9.82 10.0 9.72 9.0 9.88 10.0 9.46 266.0 198.88 9.0 13.22 12.0 10.06 10.0 11.06 8.0 9.4 
500.0 218.44 9.0 9.8 12.0 9.8 9.0 9.86 8.0 9.4 224.0 198.34 12.0 13.26 10.0 10.06 15.0 11.12 11.0 9.42 
207.0 220.48 10.0 9.82 9.0 9.8 9.0 9.84 9.0 9.4 180.0 197.14 11.0 13.26 10.0 10.06 11.0 11.16 10.0 9.42 
500.0 227.56 10.0 9.82 10.0 9.82 12.0 9.82 10.0 9.4 175.0 190.64 10.0 13.18 10.0 10.08 9.0 11.16 10.0 9.42 
500.0 234.68 10.0 9.86 10.0 9.82 10.0 9.84 9.0 9.38 179.0 192.84 9.0 12.98 10.0 10.08 9.0 10.98 10.0 9.42 
500.0 244.02 9.0 9.84 10.0 9.7 10.0 9.86 10.0 9.36 288.0 193.74 11.0 13.0 10.0 10.08 15.0 10.98 10.0 9.4 
500.0 251.16 10.0 9.86 9.0 9.72 13.0 9.9 9.0 9.34 202.0 191.46 10.0 12.82 10.0 10.1 10.0 10.92 8.0 9.36 
500.0 258.12 9.0 9.84 9.0 9.72 9.0 9.9 8.0 9.34 168.0 189.04 13.0 12.9 9.0 10.08 8.0 10.9 10.0 9.36 
124.0 257.54 9.0 9.84 9.0 9.68 12.0 9.9 10.0 9.34 170.0 187.76 9.0 12.84 10.0 10.08 10.0 10.9 8.0 9.36 
500.0 264.66 10.0 9.76 9.0 9.68 10.0 9.9 8.0 9.3 133.0 182.06 13.0 12.9 9.0 10.08 12.0 10.88 8.0 9.32 
238.0 266.44 10.0 9.76 9.0 9.7 11.0 9.94 9.0 9.3 157.0 178.26 12.0 12.8 11.0 10.04 11.0 10.86 10.0 9.3 
500.0 273.54 14.0 9.84 9.0 9.7 12.0 10.02 9.0 9.28 181.0 174.6 9.0 12.72 9.0 10.06 14.0 10.9 10.0 9.3 
500.0 281.16 9.0 9.82 11.0 9.74 10.0 10.04 10.0 9.3 165.0 170.38 9.0 12.72 8.0 10.0 10.0 10.86 9.0 9.3 
300.0 283.44 11.0 9.84 9.0 9.72 10.0 9.98 10.0 9.34 134.0 163.06 10.0 12.64 9.0 9.96 10.0 10.84 9.0 9.3 
500.0 289.86 9.0 9.86 9.0 9.7 9.0 9.92 8.0 9.28 152.0 160.62 13.0 12.7 9.0 9.96 10.0 10.82 9.0 9.28 
500.0 296.54 10.0 9.88 10.0 9.66 8.0 9.88 10.0 9.32 144.0 158.9 14.0 12.7 10.0 9.96 12.0 10.8 10.0 9.3 
500.0 302.68 10.0 9.9 9.0 9.66 11.0 9.92 9.0 9.3 120.0 156.68 12.0 12.7 9.0 9.92 9.0 10.78 9.0 9.3 
500.0 309.12 8.0 9.88 10.0 9.66 14.0 10.02 10.0 9.32 136.0 155.0 10.0 12.72 10.0 9.92 11.0 10.78 9.0 9.3 
500.0 316.14 9.0 9.88 9.0 9.64 8.0 10.0 11.0 9.34 131.0 152.22 9.0 12.66 11.0 9.94 13.0 10.84 9.0 9.28 
500.0 322.6 10.0 9.86 8.0 9.58 10.0 10.0 12.0 9.4 135.0 151.68 8.0 12.46 10.0 9.92 10.0 10.86 9.0 9.28 
500.0 329.04 8.0 9.8 9.0 9.6 10.0 10.0 10.0 9.4 165.0 152.52 10.0 12.46 11.0 9.96 11.0 10.88 9.0 9.26 
500.0 335.52 11.0 9.84 10.0 9.6 9.0 9.96 9.0 9.42 127.0 151.74 10.0 12.46 9.0 9.94 12.0 10.9 9.0 9.24 
452.0 341.48 11.0 9.88 10.0 9.58 10.0 9.98 9.0 9.42 169.0 152.24 8.0 12.32 10.0 9.96 10.0 10.82 10.0 9.24 
482.0 347.76 10.0 9.9 10.0 9.58 10.0 10.0 9.0 9.42 124.0 151.92 11.0 12.24 10.0 9.98 12.0 10.84 9.0 9.22 
164.0 347.86 10.0 9.94 9.0 9.56 10.0 10.02 10.0 9.46 137.0 152.3 10.0 12.18 10.0 10.0 9.0 10.8 10.0 9.24 
448.0 353.38 12.0 9.94 9.0 9.56 10.0 10.0 9.0 9.44 115.0 151.98 10.0 12.12 10.0 9.98 9.0 10.78 10.0 9.26 
322.0 356.46 10.0 9.94 10.0 9.58 8.0 10.0 10.0 9.48 112.0 151.76 12.0 12.12 10.0 9.94 10.0 10.78 10.0 9.3 
471.0 361.68 9.0 9.94 9.0 9.56 10.0 10.02 10.0 9.46 119.0 151.72 10.0 12.0 10.0 9.96 12.0 10.84 9.0 9.32 
374.0 366.18 10.0 9.9 10.0 9.5 8.0 9.94 10.0 9.46 115.0 151.68 10.0 11.98 9.0 9.86 9.0 10.8 8.0 9.3 
449.0 372.08 10.0 9.9 8.0 9.46 9.0 9.92 10.0 9.5 128.0 151.22 9.0 11.84 12.0 9.94 12.0 10.88 10.0 9.34 
461.0 378.56 9.0 9.92 9.0 9.46 8.0 9.88 9.0 9.5 103.0 151.24 11.0 11.88 12.0 9.98 8.0 10.84 10.0 9.34 
500.0 385.66 8.0 9.9 11.0 9.48 8.0 9.84 10.0 9.52 113.0 151.18 13.0 11.92 10.0 10.02 10.0 10.82 9.0 9.36 
500.0 392.4 10.0 9.92 8.0 9.42 10.0 9.84 10.0 9.54 39.0 149.38 11.0 11.84 10.0 10.04 14.0 10.9 10.0 9.36 
500.0 399.28 9.0 9.9 9.0 9.4 9.0 9.78 9.0 9.54 118.0 149.06 12.0 11.8 9.0 9.96 11.0 10.94 9.0 9.34 
500.0 405.96 9.0 9.9 10.0 9.4 9.0 9.78 10.0 9.54 120.0 149.18 13.0 11.72 10.0 9.96 8.0 10.88 8.0 9.32 
500.0 412.36 9.0 9.9 10.0 9.42 10.0 9.78 10.0 9.56 32.0 147.34 9.0 11.66 16.0 10.02 11.0 10.92 10.0 9.32 
316.0 415.94 9.0 9.84 10.0 9.4 10.0 9.78 10.0 9.56 50.0 145.54 11.0 11.5 10.0 10.0 8.0 10.86 10.0 9.36 
500.0 422.44 10.0 9.84 10.0 9.42 8.0 9.74 10.0 9.58 124.0 144.86 9.0 11.3 8.0 9.98 10.0 10.82 9.0 9.36 
500.0 428.78 10.0 9.84 10.0 9.44 9.0 9.76 9.0 9.58 123.0 145.2 9.0 11.18 9.0 9.98 10.0 10.8 8.0 9.32 
378.0 431.68 10.0 9.82 10.0 9.46 9.0 9.76 10.0 9.58 119.0 144.94 10.0 11.14 9.0 9.9 8.0 10.76 10.0 9.34 
452.0 435.46 9.0 9.8 10.0 9.48 9.0 9.76 10.0 9.58 142.0 145.38 9.0 11.08 10.0 9.9 8.0 10.7 10.0 9.38 
258.0 434.86 8.0 9.78 10.0 9.52 11.0 9.78 9.0 9.56 122.0 145.04 10.0 10.98 9.0 9.9 10.0 10.7 9.0 9.36 
179.0 430.18 9.0 9.76 9.0 9.52 10.0 9.8 9.0 9.56 128.0 144.84 8.0 10.88 8.0 9.9 9.0 10.68 10.0 9.38 
500.0 435.58 10.0 9.8 9.0 9.52 9.0 9.78 9.0 9.52 157.0 145.46 9.0 10.7 10.0 9.9 10.0 10.68 10.0 9.4 
223.0 433.48 12.0 9.82 9.0 9.5 9.0 9.76 9.0 9.52 133.0 145.14 9.0 10.56 10.0 9.9 8.0 10.62 10.0 9.4 
466.0 435.06 8.0 9.8 9.0 9.48 9.0 9.76 9.0 9.52 158.0 145.18 13.0 10.54 10.0 9.92 11.0 10.58 10.0 9.42 
206.0 429.18 9.0 9.74 8.0 9.46 9.0 9.74 8.0 9.48 162.0 144.98 10.0 10.56 10.0 9.92 11.0 10.34 10.0 9.42 
398.0 427.36 10.0 9.74 10.0 9.5 9.0 9.72 10.0 9.5 26.0 141.8 11.0 10.54 9.0 9.92 14.0 10.44 10.0 9.44 
281.0 422.98 10.0 9.78 11.0 9.5 9.0 9.7 9.0 9.48 134.0 141.32 9.0 10.42 9.0 9.88 13.0 10.5 8.0 9.4 
362.0 420.22 8.0 9.76 12.0 9.56 8.0 9.64 9.0 9.46 162.0 140.32 13.0 10.44 10.0 9.9 12.0 10.58 10.0 9.4 
264.0 415.5 9.0 9.64 9.0 9.54 12.0 9.7 10.0 9.46 154.0 138.08 10.0 10.46 10.0 9.86 9.0 10.56 9.0 9.42 
332.0 412.14 9.0 9.64 9.0 9.48 12.0 9.76 10.0 9.5 165.0 136.9 9.0 10.4 10.0 9.86 12.0 10.5 10.0 9.4 
270.0 413.4 10.0 9.64 9.0 9.48 9.0 9.76 10.0 9.52 146.0 136.22 10.0 10.38 9.0 9.84 12.0 10.52 10.0 9.4 
320.0 409.8 11.0 9.66 9.0 9.46 10.0 9.72 10.0 9.52 147.0 135.66 11.0 10.4 9.0 9.82 11.0 10.56 9.0 9.38 
383.0 407.46 10.0 9.66 10.0 9.46 9.0 9.7 8.0 9.5 126.0 134.6 12.0 10.46 10.0 9.82 10.0 10.58 9.0 9.36 
295.0 403.36 10.0 9.68 10.0 9.46 9.0 9.68 10.0 9.5 202.0 132.88 11.0 10.46 9.0 9.8 9.0 10.46 8.0 9.32 
240.0 398.16 9.0 9.66 10.0 9.48 9.0 9.6 11.0 9.54 170.0 132.24 12.0 10.5 12.0 9.84 12.0 10.5 10.0 9.36 
202.0 392.2 9.0 9.66 9.0 9.48 13.0 9.68 9.0 9.56 158.0 132.04 12.0 10.48 9.0 9.84 11.0 10.56 10.0 9.36 
195.0 393.62 12.0 9.72 9.0 9.48 10.0 9.64 9.0 9.54 333.0 135.3 9.0 10.48 9.0 9.82 12.0 10.6 9.0 9.38 
198.0 387.58 10.0 9.72 8.0 9.46 10.0 9.64 8.0 9.54 184.0 136.32 10.0 10.42 9.0 9.82 10.0 10.56 10.0 9.42 
176.0 386.34 9.0 9.7 10.0 9.48 10.0 9.62 10.0 9.56 251.0 138.2 11.0 10.4 9.0 9.78 10.0 10.54 10.0 9.42 
186.0 380.06 9.0 9.6 9.0 9.48 9.0 9.56 12.0 9.62 211.0 138.8 13.0 10.48 11.0 9.82 12.0 10.5 10.0 9.42 
185.0 373.76 11.0 9.64 9.0 9.44 9.0 9.54 9.0 9.6 185.0 139.2 10.0 10.5 10.0 9.86 10.0 10.5 9.0 9.42 
182.0 371.4 10.0 9.62 9.0 9.44 10.0 9.54 8.0 9.56 169.0 139.9 10.0 10.5 9.0 9.86 8.0 10.46 8.0 9.4 
169.0 364.78 9.0 9.62 10.0 9.46 9.0 9.54 10.0 9.6 162.0 140.1 10.0 10.44 10.0 9.88 11.0 10.48 10.0 9.42 
176.0 358.3 8.0 9.58 10.0 9.46 8.0 9.54 9.0 9.58 208.0 141.38 10.0 10.36 10.0 9.88 10.0 10.44 9.0 9.4 
203.0 352.36 9.0 9.56 10.0 9.48 11.0 9.54 10.0 9.6 250.0 143.98 12.0 10.36 10.0 9.9 11.0 10.48 10.0 9.42 
197.0 346.3 11.0 9.62 9.0 9.46 9.0 9.44 8.0 9.56 376.0 148.78 9.0 10.34 10.0 9.9 12.0 10.5 9.0 9.42 
187.0 340.04 10.0 9.64 10.0 9.48 10.0 9.48 9.0 9.52 221.0 150.58 13.0 10.42 10.0 9.88 10.0 10.44 9.0 9.42 
192.0 333.88 10.0 9.64 10.0 9.52 10.0 9.48 9.0 9.46 500.0 157.88 14.0 10.54 12.0 9.92 9.0 10.42 10.0 9.44 
170.0 327.28 11.0 9.7 9.0 9.52 9.0 9.46 9.0 9.44 212.0 158.82 12.0 10.58 10.0 9.9 9.0 10.38 9.0 9.44 
165.0 320.58 9.0 9.66 12.0 9.56 11.0 9.5 10.0 9.46 266.0 161.6 10.0 10.58 10.0 9.92 10.0 10.34 9.0 9.44 
157.0 314.68 9.0 9.62 9.0 9.54 9.0 9.48 10.0 9.48 247.0 163.16 12.0 10.66 9.0 9.9 11.0 10.36 10.0 9.44 
156.0 308.16 10.0 9.62 8.0 9.5 9.0 9.46 10.0 9.5 183.0 164.34 14.0 10.72 9.0 9.88 10.0 10.32 9.0 9.44 
157.0 308.02 10.0 9.62 10.0 9.52 9.0 9.44 9.0 9.48 141.0 164.42 11.0 10.74 9.0 9.86 13.0 10.4 10.0 9.44 
144.0 301.94 9.0 9.56 8.0 9.5 9.0 9.42 10.0 9.5 212.0 166.36 10.0 10.74 9.0 9.84 10.0 10.42 12.0 9.48 
149.0 298.48 10.0 9.56 10.0 9.5 10.0 9.46 8.0 9.46 230.0 168.72 11.0 10.72 8.0 9.8 9.0 10.4 10.0 9.48 
136.0 291.78 9.0 9.56 10.0 9.52 10.0 9.46 10.0 9.46 229.0 170.92 10.0 10.72 12.0 9.84 11.0 10.38 9.0 9.48 
157.0 287.44 9.0 9.54 10.0 9.52 9.0 9.48 8.0 9.42 251.0 173.64 11.0 10.74 9.0 9.84 10.0 10.4 10.0 9.52 
146.0 281.38 9.0 9.52 9.0 9.54 9.0 9.48 11.0 9.44 254.0 176.16 11.0 10.78 9.0 9.78 10.0 10.36 9.0 9.5 
130.0 274.76 11.0 9.56 9.0 9.54 9.0 9.5 9.0 9.44 291.0 179.92 8.0 10.72 9.0 9.72 8.0 10.36 8.0 9.46 
136.0 267.48 8.0 9.56 9.0 9.5 9.0 9.52 10.0 9.44 197.0 181.6 11.0 10.68 8.0 9.68 10.0 10.36 9.0 9.46 
141.0 260.3 9.0 9.54 9.0 9.52 10.0 9.52 10.0 9.44 205.0 184.92 12.0 10.7 10.0 9.68 10.0 10.28 11.0 9.48 
138.0 253.06 9.0 9.54 9.0 9.52 8.0 9.5 9.0 9.44 253.0 187.62 10.0 10.66 10.0 9.7 12.0 10.3 9.0 9.48 
142.0 245.9 9.0 9.54 10.0 9.52 10.0 9.52 10.0 9.44 229.0 189.8 11.0 10.62 10.0 9.7 11.0 10.36 10.0 9.52 
117.0 238.24 10.0 9.56 9.0 9.5 9.0 9.5 10.0 9.44 243.0 194.02 11.0 10.66 9.0 9.56 10.0 10.34 9.0 9.5 
130.0 234.52 9.0 9.56 9.0 9.48 10.0 9.5 9.0 9.42 198.0 196.98 12.0 10.68 11.0 9.58 11.0 10.4 10.0 9.5 
141.0 227.34 10.0 9.56 10.0 9.48 12.0 9.58 9.0 9.4 176.0 198.02 9.0 10.68 9.0 9.6 12.0 10.44 10.0 9.52 
126.0 219.86 9.0 9.54 11.0 9.5 9.0 9.58 9.0 9.4 206.0 199.68 9.0 10.68 9.0 9.6 10.0 10.44 10.0 9.56 
123.0 214.76 10.0 9.54 9.0 9.48 14.0 9.68 10.0 9.4 217.0 201.64 11.0 10.7 9.0 9.6 9.0 10.46 9.0 9.54 
142.0 208.56 10.0 9.56 10.0 9.48 9.0 9.68 10.0 9.4 254.0 203.88 10.0 10.72 16.0 9.72 9.0 10.48 9.0 9.52 
167.0 206.74 9.0 9.58 8.0 9.44 9.0 9.64 10.0 9.42 202.0 205.48 11.0 10.74 14.0 9.82 13.0 10.54 10.0 9.54 
152.0 206.2 11.0 9.62 11.0 9.48 8.0 9.6 9.0 9.42 210.0 207.12 13.0 10.84 9.0 9.84 12.0 10.6 9.0 9.52 
138.0 198.96 10.0 9.62 10.0 9.5 9.0 9.6 9.0 9.42 192.0 207.82 11.0 10.88 8.0 9.8 10.0 10.6 9.0 9.5 
138.0 197.26 11.0 9.6 8.0 9.48 10.0 9.62 10.0 9.44 180.0 208.76 8.0 10.86 9.0 9.78 9.0 10.62 9.0 9.48 
141.0 190.76 11.0 9.66 12.0 9.54 9.0 9.62 10.0 9.46 255.0 210.7 11.0 10.82 9.0 9.76 10.0 10.6 10.0 9.48 
152.0 189.68 10.0 9.68 11.0 9.6 11.0 9.66 8.0 9.46 207.0 211.6 10.0 10.82 9.0 9.74 9.0 10.56 10.0 9.48 
174.0 185.2 9.0 9.66 9.0 9.58 9.0 9.66 8.0 9.42 228.0 215.64 11.0 10.82 11.0 9.78 10.0 10.48 8.0 9.44 
163.0 182.84 9.0 9.64 11.0 9.58 10.0 9.68 10.0 9.44 215.0 217.26 9.0 10.82 10.0 9.8 9.0 10.4 11.0 9.5 
179.0 179.18 12.0 9.72 8.0 9.5 10.0 9.72 10.0 9.46 337.0 220.76 12.0 10.8 10.0 9.8 11.0 10.38 8.0 9.46 
171.0 177.32 10.0 9.74 9.0 9.5 9.0 9.66 10.0 9.46 195.0 221.58 10.0 10.8 9.0 9.78 8.0 10.36 9.0 9.46 
152.0 173.72 12.0 9.8 10.0 9.52 9.0 9.6 10.0 9.46 220.0 222.68 12.0 10.86 10.0 9.78 10.0 10.32 9.0 9.44 
164.0 171.6 14.0 9.88 9.0 9.52 9.0 9.6 9.0 9.44 500.0 229.76 10.0 10.86 15.0 9.9 9.0 10.26 9.0 9.42 
174.0 168.68 10.0 9.86 11.0 9.56 9.0 9.58 10.0 9.44 187.0 230.56 11.0 10.86 10.0 9.92 11.0 10.26 10.0 9.44 
145.0 163.92 9.0 9.84 10.0 9.56 10.0 9.6 10.0 9.48 168.0 231.4 10.0 10.82 15.0 10.02 9.0 10.24 10.0 9.46 
180.0 161.62 10.0 9.84 10.0 9.56 9.0 9.6 10.0 9.48 294.0 233.24 13.0 10.86 13.0 10.1 9.0 10.24 11.0 9.52 
200.0 160.82 10.0 9.86 9.0 9.54 9.0 9.6 10.0 9.46 319.0 236.22 11.0 10.84 11.0 10.08 9.0 10.18 9.0 9.5 
167.0 160.12 9.0 9.86 10.0 9.56 14.0 9.62 8.0 9.44 198.0 237.02 9.0 10.78 10.0 10.1 10.0 10.16 8.0 9.46 
174.0 159.7 9.0 9.8 11.0 9.6 10.0 9.62 10.0 9.46 239.0 235.14 14.0 10.88 10.0 10.12 9.0 10.1 10.0 9.48 
196.0 159.66 9.0 9.78 10.0 9.64 8.0 9.58 10.0 9.5 266.0 236.78 10.0 10.88 12.0 10.18 11.0 10.12 9.0 9.46 
183.0 159.8 10.0 9.8 11.0 9.66 8.0 9.54 10.0 9.5 196.0 235.68 13.0 10.92 10.0 10.2 12.0 10.16 9.0 9.44 
223.0 160.54 15.0 9.92 8.0 9.64 9.0 9.54 10.0 9.46 241.0 236.28 13.0 10.92 9.0 10.16 10.0 10.12 9.0 9.42 
229.0 161.42 11.0 9.92 10.0 9.66 10.0 9.56 9.0 9.46 200.0 236.58 10.0 10.92 8.0 10.12 10.0 10.12 9.0 9.42 
191.0 161.6 12.0 9.96 9.0 9.66 9.0 9.54 8.0 9.46 198.0 237.16 10.0 10.92 9.0 10.12 10.0 10.16 9.0 9.44 
207.0 162.36 9.0 9.96 9.0 9.64 11.0 9.58 10.0 9.46 267.0 239.26 13.0 10.98 10.0 10.12 12.0 10.18 9.0 9.42 
192.0 162.68 8.0 9.96 11.0 9.66 9.0 9.6 9.0 9.46 226.0 239.62 11.0 11.0 8.0 10.08 9.0 10.16 10.0 9.44 
205.0 162.72 9.0 9.96 9.0 9.64 9.0 9.56 10.0 9.46 238.0 239.38 14.0 11.04 12.0 10.12 11.0 10.16 9.0 9.42 
204.0 162.86 11.0 9.96 8.0 9.62 9.0 9.56 8.0 9.46 241.0 236.68 14.0 11.14 9.0 10.1 11.0 10.14 8.0 9.4 
178.0 162.68 11.0 9.98 10.0 9.62 13.0 9.62 9.0 9.46 353.0 239.32 12.0 11.12 9.0 10.08 9.0 10.12 9.0 9.4 
183.0 162.5 11.0 10.0 11.0 9.64 11.0 9.64 9.0 9.46 295.0 235.22 12.0 11.08 13.0 10.1 10.0 10.14 10.0 9.4 
174.0 162.58 10.0 9.98 11.0 9.68 11.0 9.68 8.0 9.44 386.0 238.7 13.0 11.1 9.0 10.08 9.0 10.14 9.0 9.4 
185.0 162.98 12.0 10.04 9.0 9.62 11.0 9.68 10.0 9.44 409.0 241.56 11.0 11.12 9.0 10.06 13.0 10.2 9.0 9.4 
162.0 163.08 11.0 10.08 8.0 9.6 9.0 9.68 10.0 9.44 293.0 242.48 11.0 11.1 8.0 10.04 10.0 10.18 9.0 9.38 
169.0 163.34 9.0 10.06 9.0 9.62 10.0 9.7 9.0 9.42 248.0 243.78 12.0 11.06 8.0 10.02 11.0 10.2 9.0 9.38 
170.0 163.6 9.0 10.04 9.0 9.6 10.0 9.72 9.0 9.42 349.0 247.94 11.0 11.06 9.0 10.02 9.0 10.12 9.0 9.36 
167.0 164.06 11.0 10.08 10.0 9.64 10.0 9.74 10.0 9.42 487.0 253.44 12.0 11.1 10.0 10.04 8.0 10.08 10.0 9.32 
168.0 164.44 9.0 10.06 9.0 9.62 8.0 9.7 8.0 9.42 360.0 256.04 12.0 11.12 9.0 10.06 12.0 10.14 10.0 9.32 
179.0 165.3 9.0 10.06 12.0 9.66 9.0 9.68 10.0 9.42 464.0 260.74 17.0 11.26 11.0 10.04 12.0 10.16 9.0 9.32 
155.0 165.26 11.0 10.1 11.0 9.68 9.0 9.68 10.0 9.46 361.0 262.94 11.0 11.26 9.0 10.04 9.0 10.14 10.0 9.32 
143.0 165.2 9.0 10.1 11.0 9.72 9.0 9.68 10.0 9.44 306.0 263.98 13.0 11.3 10.0 10.06 10.0 10.14 9.0 9.32 
155.0 165.7 9.0 10.06 10.0 9.74 10.0 9.7 9.0 9.44 443.0 267.02 11.0 11.36 11.0 10.1 10.0 10.18 10.0 9.36 
169.0 166.36 8.0 10.06 10.0 9.76 9.0 9.7 8.0 9.4 500.0 273.08 12.0 11.38 9.0 10.12 10.0 10.18 10.0 9.38 
166.0 166.86 9.0 10.06 10.0 9.78 10.0 9.7 10.0 9.4 497.0 278.92 11.0 11.36 11.0 10.14 8.0 10.14 9.0 9.34 
171.0 167.52 8.0 10.04 11.0 9.82 10.0 9.74 9.0 9.4 500.0 283.86 12.0 11.4 9.0 10.12 11.0 10.12 10.0 9.36 
173.0 168.14 9.0 10.04 10.0 9.82 9.0 9.72 9.0 9.38 333.0 285.94 13.0 11.44 9.0 10.1 14.0 10.18 10.0 9.36 
174.0 169.28 9.0 10.02 10.0 9.84 11.0 9.76 10.0 9.38 500.0 291.08 12.0 11.46 9.0 10.1 13.0 10.24 9.0 9.36 
170.0 170.08 9.0 10.02 9.0 9.84 10.0 9.76 9.0 9.38 331.0 293.74 12.0 11.46 12.0 10.12 10.0 10.22 10.0 9.36 
153.0 170.32 10.0 10.02 9.0 9.82 9.0 9.7 9.0 9.38 417.0 298.56 11.0 11.5 8.0 10.1 10.0 10.18 9.0 9.34 
185.0 171.5 10.0 10.04 8.0 9.76 9.0 9.7 10.0 9.4 327.0 300.98 11.0 11.54 9.0 10.1 13.0 10.24 11.0 9.36 
157.0 172.18 10.0 10.04 12.0 9.82 10.0 9.62 8.0 9.36 458.0 305.8 10.0 11.52 9.0 10.1 10.0 10.26 10.0 9.38 
180.0 172.94 10.0 10.04 10.0 9.82 11.0 9.66 9.0 9.34 500.0 310.72 11.0 11.54 11.0 10.0 9.0 10.26 10.0 9.4 
36.0 170.32 9.0 10.04 9.0 9.84 9.0 9.66 10.0 9.34 500.0 316.68 14.0 11.6 10.0 9.92 9.0 10.18 10.0 9.4 
132.0 169.92 9.0 10.0 11.0 9.84 9.0 9.68 9.0 9.34 374.0 319.96 19.0 11.72 10.0 9.94 11.0 10.16 10.0 9.42 
150.0 170.16 10.0 10.0 10.0 9.84 9.0 9.68 9.0 9.34 324.0 322.6 13.0 11.76 10.0 9.98 11.0 10.18 10.0 9.44 
156.0 170.52 12.0 10.02 10.0 9.88 8.0 9.64 9.0 9.32 486.0 328.72 12.0 11.84 11.0 10.02 11.0 10.22 9.0 9.44 
125.0 170.2 9.0 9.98 9.0 9.82 9.0 9.64 9.0 9.3 342.0 330.46 11.0 11.84 8.0 10.0 9.0 10.2 9.0 9.42 
157.0 170.3 10.0 9.98 9.0 9.78 9.0 9.6 9.0 9.32 358.0 333.48 14.0 11.92 12.0 10.06 11.0 10.24 8.0 9.38 
202.0 170.86 10.0 10.0 9.0 9.78 10.0 9.62 11.0 9.38 387.0 336.66 11.0 11.92 9.0 10.02 12.0 10.28 9.0 9.4 
183.0 171.26 10.0 10.02 10.0 9.76 9.0 9.6 10.0 9.38 500.0 342.36 14.0 12.02 9.0 10.0 12.0 10.34 8.0 9.34 
196.0 171.6 8.0 9.94 9.0 9.78 10.0 9.6 11.0 9.4 500.0 345.62 12.0 12.02 9.0 9.98 9.0 10.3 10.0 9.38 
217.0 172.52 10.0 9.94 10.0 9.8 9.0 9.6 10.0 9.4 296.0 347.64 14.0 12.1 9.0 9.98 11.0 10.36 10.0 9.4 
202.0 173.52 10.0 9.9 9.0 9.78 8.0 9.58 10.0 9.4 264.0 348.52 13.0 12.12 10.0 9.98 9.0 10.34 10.0 9.42 
214.0 174.52 8.0 9.78 12.0 9.84 10.0 9.6 9.0 9.4 500.0 348.52 13.0 12.18 10.0 9.88 10.0 10.36 9.0 9.42 
210.0 175.24 9.0 9.76 11.0 9.84 10.0 9.62 9.0 9.38 251.0 349.8 12.0 12.2 12.0 9.92 11.0 10.36 8.0 9.38 
287.0 178.08 9.0 9.76 10.0 9.84 11.0 9.64 10.0 9.38 280.0 352.04 13.0 12.26 9.0 9.8 12.0 10.42 9.0 9.36 
180.0 178.08 10.0 9.76 8.0 9.8 8.0 9.62 11.0 9.4 500.0 356.16 13.0 12.26 9.0 9.72 14.0 10.52 8.0 9.3 
326.0 180.6 13.0 9.82 9.0 9.8 10.0 9.64 10.0 9.4 363.0 357.04 15.0 12.34 10.0 9.7 12.0 10.58 10.0 9.32 
428.0 185.82 10.0 9.84 11.0 9.82 10.0 9.56 8.0 9.4 303.0 359.14 12.0 12.4 10.0 9.7 10.0 10.58 9.0 9.34 
325.0 188.84 10.0 9.86 9.0 9.78 12.0 9.6 10.0 9.4 314.0 360.64 19.0 12.5 10.0 9.7 11.0 10.62 9.0 9.32 
481.0 194.54 10.0 9.88 10.0 9.78 10.0 9.64 8.0 9.36 291.0 361.14 11.0 12.52 10.0 9.66 9.0 10.58 10.0 9.34 
500.0 200.88 10.0 9.88 9.0 9.74 11.0 9.7 8.0 9.32 200.0 361.22 16.0 12.58 12.0 9.7 10.0 10.54 9.0 9.34 
234.0 201.1 9.0 9.76 11.0 9.8 8.0 9.68 9.0 9.3 231.0 361.02 13.0 12.58 8.0 9.68 10.0 10.54 8.0 9.32 
160.0 199.72 8.0 9.7 9.0 9.78 8.0 9.64 10.0 9.32 213.0 361.28 17.0 12.72 9.0 9.7 12.0 10.58 9.0 9.32 
280.0 201.5 10.0 9.66 9.0 9.78 10.0 9.66 9.0 9.34 213.0 361.58 20.0 12.92 10.0 9.72 12.0 10.62 11.0 9.36 
341.0 204.18 9.0 9.66 9.0 9.78 9.0 9.62 8.0 9.3 209.0 360.42 12.0 12.9 8.0 9.68 9.0 10.56 9.0 9.36 
432.0 208.98 9.0 9.68 9.0 9.74 13.0 9.7 9.0 9.3 179.0 359.48 13.0 12.94 16.0 9.84 11.0 10.6 10.0 9.36 
500.0 214.88 9.0 9.68 10.0 9.76 10.0 9.72 11.0 9.32 201.0 358.74 14.0 12.94 8.0 9.76 10.0 10.58 10.0 9.38 
215.0 215.1 9.0 9.64 8.0 9.76 9.0 9.72 10.0 9.36 193.0 357.78 11.0 12.88 8.0 9.74 11.0 10.58 10.0 9.42 
500.0 221.54 8.0 9.58 9.0 9.74 9.0 9.64 9.0 9.36 198.0 354.68 9.0 12.82 12.0 9.8 14.0 10.68 8.0 9.4 
153.0 220.94 14.0 9.64 9.0 9.7 9.0 9.6 10.0 9.38 226.0 353.3 15.0 12.88 10.0 9.74 10.0 10.68 10.0 9.4 
388.0 225.22 9.0 9.62 9.0 9.66 8.0 9.54 8.0 9.38 194.0 349.46 17.0 12.96 10.0 9.76 12.0 10.74 10.0 9.42 
221.0 225.94 9.0 9.56 10.0 9.68 9.0 9.5 10.0 9.38 191.0 345.1 13.0 13.0 10.0 9.78 10.0 10.68 9.0 9.42 
390.0 230.5 11.0 9.56 10.0 9.72 10.0 9.52 11.0 9.4 212.0 343.48 13.0 13.04 10.0 9.82 11.0 10.7 8.0 9.4 
307.0 233.26 10.0 9.58 9.0 9.72 9.0 9.5 10.0 9.42 194.0 342.4 20.0 13.2 9.0 9.84 11.0 10.7 10.0 9.42 
500.0 239.86 12.0 9.64 9.0 9.72 9.0 9.48 10.0 9.44 208.0 339.58 15.0 13.28 14.0 9.94 10.0 10.72 9.0 9.42 
96.0 238.44 10.0 9.62 15.0 9.82 12.0 9.52 10.0 9.44 268.0 335.2 12.0 13.28 12.0 9.98 10.0 10.76 9.0 9.4 
363.0 242.34 15.0 9.74 9.0 9.82 9.0 9.54 9.0 9.46 239.0 332.78 14.0 13.32 9.0 9.98 10.0 10.72 9.0 9.38 
379.0 246.34 9.0 9.74 8.0 9.74 9.0 9.54 10.0 9.46 274.0 328.98 13.0 13.24 12.0 10.0 9.0 10.66 10.0 9.4 
212.0 247.48 10.0 9.72 9.0 9.7 9.0 9.54 8.0 9.42 261.0 326.98 13.0 13.28 8.0 9.98 10.0 10.68 10.0 9.4 
344.0 251.5 11.0 9.76 9.0 9.66 9.0 9.54 10.0 9.42 365.0 328.16 14.0 13.3 9.0 9.96 10.0 10.68 9.0 9.4 
349.0 255.38 10.0 9.78 10.0 9.66 10.0 9.54 9.0 9.42 305.0 325.4 18.0 13.44 9.0 9.92 11.0 10.7 9.0 9.38 
356.0 259.12 11.0 9.84 9.0 9.64 10.0 9.56 9.0 9.44 263.0 320.66 18.0 13.56 9.0 9.92 11.0 10.72 10.0 9.38 
453.0 264.86 12.0 9.9 10.0 9.64 9.0 9.54 10.0 9.44 379.0 318.3 13.0 13.6 11.0 9.92 9.0 10.74 11.0 9.42 
485.0 271.14 9.0 9.92 10.0 9.62 10.0 9.54 10.0 9.46 337.0 315.04 16.0 13.68 9.0 9.92 9.0 10.7 8.0 9.38 
455.0 276.78 10.0 9.94 8.0 9.58 9.0 9.54 10.0 9.48 377.0 315.92 17.0 13.76 9.0 9.92 11.0 10.64 9.0 9.36 
314.0 279.58 8.0 9.92 9.0 9.56 10.0 9.52 9.0 9.46 500.0 315.92 14.0 13.8 9.0 9.92 10.0 10.58 9.0 9.36 
500.0 286.18 9.0 9.92 8.0 9.54 10.0 9.52 9.0 9.46 354.0 316.38 13.0 13.82 10.0 9.88 11.0 10.6 10.0 9.36 
377.0 290.66 9.0 9.9 8.0 9.52 9.0 9.52 9.0 9.46 500.0 318.04 16.0 13.92 11.0 9.94 9.0 10.58 10.0 9.38 
492.0 296.8 9.0 9.88 10.0 9.56 9.0 9.52 11.0 9.48 244.0 316.38 16.0 14.02 10.0 9.96 10.0 10.52 8.0 9.32 
364.0 300.94 10.0 9.88 12.0 9.56 10.0 9.52 10.0 9.52 500.0 317.22 15.0 14.12 12.0 10.02 9.0 10.5 9.0 9.3 
326.0 303.86 10.0 9.88 8.0 9.52 10.0 9.5 9.0 9.52 500.0 317.22 11.0 14.12 9.0 9.98 9.0 10.5 9.0 9.28 
454.0 312.22 8.0 9.86 10.0 9.54 9.0 9.5 10.0 9.52 500.0 317.22 11.0 14.06 10.0 9.98 11.0 10.54 10.0 9.28 
234.0 314.26 9.0 9.86 9.0 9.5 9.0 9.5 10.0 9.54 500.0 319.74 13.0 13.94 11.0 10.0 10.0 10.52 9.0 9.26 
265.0 316.56 9.0 9.84 11.0 9.52 9.0 9.5 9.0 9.54 500.0 323.26 17.0 14.02 12.0 10.04 9.0 10.48 9.0 9.24 
234.0 318.12 8.0 9.76 10.0 9.52 10.0 9.54 9.0 9.54 500.0 323.54 13.0 14.04 10.0 10.02 9.0 10.44 10.0 9.26 
207.0 319.76 9.0 9.76 9.0 9.52 9.0 9.54 9.0 9.54 409.0 324.88 15.0 14.12 8.0 10.02 13.0 10.52 9.0 9.26 
196.0 320.54 10.0 9.76 10.0 9.54 9.0 9.54 9.0 9.54 241.0 322.54 16.0 14.16 8.0 9.94 14.0 10.58 9.0 9.28 
210.0 320.7 10.0 9.76 11.0 9.58 10.0 9.54 8.0 9.48 322.0 321.24 13.0 14.2 9.0 9.94 11.0 10.56 10.0 9.3 
159.0 320.22 9.0 9.74 10.0 9.58 9.0 9.54 11.0 9.5 425.0 319.74 18.0 14.28 10.0 9.96 9.0 10.5 10.0 9.34 
184.0 319.98 11.0 9.8 8.0 9.56 8.0 9.5 10.0 9.48 335.0 316.44 15.0 14.34 10.0 9.98 11.0 10.54 10.0 9.34 
179.0 319.22 10.0 9.8 11.0 9.58 9.0 9.5 10.0 9.48 351.0 317.54 21.0 14.48 11.0 10.02 9.0 10.5 9.0 9.32 
181.0 318.8 10.0 9.8 11.0 9.62 8.0 9.5 10.0 9.48 380.0 319.86 13.0 14.48 9.0 10.0 9.0 10.5 10.0 9.32 
162.0 317.76 9.0 9.82 8.0 9.54 12.0 9.54 9.0 9.48 277.0 315.4 10.0 14.42 8.0 9.96 9.0 10.48 9.0 9.32 
177.0 317.1 11.0 9.86 12.0 9.56 9.0 9.52 9.0 9.48 436.0 319.1 14.0 14.46 10.0 9.92 10.0 10.46 10.0 9.36 
187.0 315.1 9.0 9.86 9.0 9.54 8.0 9.46 10.0 9.48 336.0 320.22 17.0 14.54 12.0 9.98 10.0 10.42 10.0 9.38 
165.0 314.8 10.0 9.86 9.0 9.56 10.0 9.5 9.0 9.44 500.0 320.22 12.0 14.52 9.0 9.98 10.0 10.34 9.0 9.4 
159.0 311.46 10.0 9.8 9.0 9.56 10.0 9.5 8.0 9.4 373.0 320.42 11.0 14.44 12.0 10.02 10.0 10.3 10.0 9.4 
157.0 306.04 8.0 9.76 10.0 9.54 10.0 9.5 10.0 9.44 500.0 324.36 10.0 14.4 9.0 10.0 11.0 10.32 9.0 9.4 
151.0 302.56 10.0 9.76 10.0 9.56 10.0 9.46 10.0 9.44 500.0 328.08 13.0 14.28 10.0 10.0 11.0 10.32 11.0 9.44 
151.0 295.96 8.0 9.72 9.0 9.54 11.0 9.48 9.0 9.46 491.0 332.08 13.0 14.32 10.0 10.0 10.0 10.34 9.0 9.42 
153.0 289.02 11.0 9.74 11.0 9.58 10.0 9.46 10.0 9.5 500.0 338.08 21.0 14.42 10.0 9.96 10.0 10.34 9.0 9.42 
166.0 287.66 8.0 9.72 10.0 9.56 8.0 9.46 10.0 9.52 500.0 343.46 15.0 14.46 8.0 9.96 10.0 10.34 9.0 9.44 
130.0 287.06 10.0 9.76 9.0 9.56 9.0 9.48 9.0 9.5 500.0 349.2 15.0 14.42 9.0 9.96 11.0 10.32 9.0 9.44 
130.0 284.06 10.0 9.76 9.0 9.56 8.0 9.44 9.0 9.5 500.0 354.94 13.0 14.28 11.0 9.98 12.0 10.32 9.0 9.4 
120.0 279.64 8.0 9.74 10.0 9.58 9.0 9.44 8.0 9.5 500.0 360.76 17.0 14.38 9.0 10.0 11.0 10.36 8.0 9.38 
123.0 273.46 10.0 9.76 9.0 9.58 10.0 9.38 10.0 9.52 500.0 367.18 15.0 14.42 10.0 9.88 13.0 10.4 11.0 9.4 
132.0 266.1 9.0 9.76 9.0 9.56 10.0 9.38 9.0 9.48 500.0 373.16 11.0 14.36 10.0 9.92 12.0 10.44 9.0 9.38 
142.0 264.64 9.0 9.76 10.0 9.6 9.0 9.38 10.0 9.48 484.0 378.98 11.0 14.36 10.0 9.96 13.0 10.48 10.0 9.38 
143.0 257.5 10.0 9.8 10.0 9.62 9.0 9.38 9.0 9.48 478.0 384.58 9.0 14.36 10.0 9.92 10.0 10.4 8.0 9.38 
135.0 257.14 11.0 9.74 10.0 9.64 10.0 9.4 11.0 9.5 454.0 389.14 15.0 14.36 9.0 9.9 9.0 10.38 8.0 9.34 
119.0 251.76 9.0 9.74 9.0 9.64 12.0 9.48 9.0 9.52 500.0 395.26 15.0 14.32 9.0 9.88 9.0 10.32 9.0 9.32 
145.0 250.24 10.0 9.76 9.0 9.62 9.0 9.48 9.0 9.5 500.0 401.44 13.0 14.32 9.0 9.86 9.0 10.3 8.0 9.3 
127.0 244.98 10.0 9.74 9.0 9.6 11.0 9.5 8.0 9.44 500.0 407.2 13.0 14.32 12.0 9.9 11.0 10.3 10.0 9.34 
152.0 241.88 12.0 9.78 9.0 9.6 9.0 9.5 11.0 9.46 384.0 411.0 14.0 14.2 10.0 9.92 12.0 10.32 9.0 9.32 
132.0 234.52 8.0 9.7 10.0 9.62 10.0 9.52 9.0 9.44 463.0 416.1 13.0 14.16 8.0 9.8 11.0 10.34 9.0 9.32 
126.0 235.12 10.0 9.7 9.0 9.5 9.0 9.46 9.0 9.42 414.0 419.02 15.0 14.22 10.0 9.76 12.0 10.38 10.0 9.34 
129.0 230.44 10.0 9.6 10.0 9.52 9.0 9.46 10.0 9.44 500.0 424.24 14.0 14.22 10.0 9.78 12.0 10.42 10.0 9.36 
136.0 225.58 9.0 9.6 9.0 9.54 10.0 9.48 10.0 9.44 500.0 428.76 8.0 14.12 10.0 9.74 10.0 10.44 8.0 9.32 
145.0 224.24 9.0 9.58 10.0 9.56 11.0 9.52 9.0 9.46 488.0 433.3 12.0 14.1 10.0 9.78 11.0 10.46 9.0 9.3 
142.0 220.2 10.0 9.56 10.0 9.58 8.0 9.5 9.0 9.44 434.0 434.68 12.0 14.06 11.0 9.82 11.0 10.48 9.0 9.3 
150.0 216.22 10.0 9.56 8.0 9.54 9.0 9.48 10.0 9.46 500.0 438.58 11.0 13.92 9.0 9.82 11.0 10.48 10.0 9.32 
153.0 212.16 10.0 9.54 8.0 9.52 8.0 9.44 10.0 9.48 468.0 442.68 13.0 13.82 9.0 9.82 10.0 10.46 9.0 9.3 
158.0 206.26 10.0 9.5 9.0 9.5 9.0 9.44 10.0 9.48 396.0 443.02 12.0 13.8 10.0 9.8 10.0 10.48 10.0 9.28 
154.0 199.64 10.0 9.52 9.0 9.48 9.0 9.42 9.0 9.46 500.0 446.28 17.0 13.82 10.0 9.82 10.0 10.5 8.0 9.28 
38.0 191.3 13.0 9.58 9.0 9.5 9.0 9.42 10.0 9.46 385.0 446.44 14.0 13.76 13.0 9.9 12.0 10.52 10.0 9.3 
30.0 185.62 11.0 9.64 9.0 9.5 9.0 9.4 9.0 9.46 334.0 443.12 13.0 13.74 10.0 9.92 12.0 10.56 10.0 9.32 
191.0 179.44 8.0 9.62 10.0 9.54 9.0 9.38 10.0 9.48 399.0 444.02 10.0 13.68 9.0 9.9 11.0 10.56 10.0 9.32 
152.0 174.94 10.0 9.64 10.0 9.58 11.0 9.42 9.0 9.48 301.0 440.04 10.0 13.56 8.0 9.84 13.0 10.64 9.0 9.3 
192.0 168.94 14.0 9.74 11.0 9.6 10.0 9.44 10.0 9.46 309.0 441.34 19.0 13.62 9.0 9.82 10.0 10.64 8.0 9.3 
