17.0 17.0
35.0 26.0
14.0 22.0
18.0 21.0
17.0 20.2
36.0 22.833333333333332
10.0 21.0
15.0 20.25
28.0 21.11111111111111
14.0 20.4
15.0 19.90909090909091
14.0 19.416666666666668
21.0 19.53846153846154
22.0 19.714285714285715
26.0 20.133333333333333
33.0 20.9375
40.0 22.058823529411764
27.0 22.333333333333332
22.0 22.31578947368421
15.0 21.95
19.0 21.80952380952381
37.0 22.5
18.0 22.304347826086957
39.0 23.0
26.0 23.12
19.0 22.96153846153846
25.0 23.037037037037038
31.0 23.321428571428573
45.0 24.06896551724138
32.0 24.333333333333332
15.0 24.032258064516128
24.0 24.03125
36.0 24.393939393939394
19.0 24.235294117647058
17.0 24.02857142857143
35.0 24.333333333333332
42.0 24.81081081081081
20.0 24.68421052631579
87.0 26.28205128205128
50.0 26.875
30.0 26.951219512195124
51.0 27.523809523809526
34.0 27.674418604651162
34.0 27.818181818181817
53.0 28.377777777777776
27.0 28.347826086956523
93.0 29.72340425531915
82.0 30.8125
31.0 30.816326530612244
105.0 32.3
41.0 32.78
43.0 32.94
41.0 33.48
62.0 34.36
29.0 34.6
66.0 35.2
45.0 35.9
14.0 35.88
65.0 36.62
102.0 38.38
30.0 38.68
71.0 39.82
115.0 41.7
148.0 44.22
161.0 46.92
40.0 47.06
220.0 50.66
179.0 53.7
47.0 54.2
56.0 55.02
82.0 56.28
50.0 56.54
96.0 58.1
19.0 57.7
214.0 61.46
35.0 61.78
84.0 62.96
195.0 66.24
227.0 69.88
116.0 71.56
111.0 73.48
192.0 76.84
209.0 80.3
105.0 82.02
174.0 85.16
162.0 87.7
125.0 89.36
115.0 91.26
75.0 91.02
129.0 92.6
137.0 94.74
87.0 95.46
142.0 97.62
109.0 99.12
69.0 99.44
65.0 100.2
254.0 103.42
192.0 105.62
162.0 108.24
219.0 110.52
216.0 114.02
205.0 117.26
225.0 120.94
154.0 122.78
360.0 129.4
217.0 132.42
164.0 134.8
165.0 137.82
248.0 141.48
500.0 149.44
217.0 153.18
121.0 154.18
166.0 155.2
438.0 161.0
500.0 167.78
293.0 172.84
157.0 171.58
183.0 171.66
242.0 175.56
235.0 179.14
401.0 185.52
324.0 191.0
242.0 193.92
302.0 199.58
240.0 200.1
408.0 207.56
279.0 211.46
226.0 212.08
398.0 215.5
500.0 223.18
269.0 226.34
500.0 232.5
382.0 235.96
500.0 243.86
101.0 242.4
313.0 245.42
173.0 246.38
424.0 252.56
293.0 256.92
157.0 257.48
170.0 258.14
270.0 261.8
194.0 262.84
500.0 270.66
308.0 275.44
484.0 283.82
304.0 284.82
236.0 285.7
126.0 284.98
476.0 290.12
500.0 295.8
500.0 301.7
280.0 302.8
450.0 308.72
363.0 308.78
424.0 312.92
469.0 319.02
500.0 325.72
292.0 326.6
295.0 322.5
216.0 322.48
147.0 323.0
205.0 323.78
214.0 319.3
212.0 313.54
139.0 310.46
208.0 311.48
167.0 311.16
179.0 309.9
353.0 312.26
176.0 307.76
155.0 304.38
384.0 307.22
215.0 305.48
187.0 304.42
157.0 299.4
266.0 299.14
141.0 297.44
161.0 292.7
164.0 285.98
208.0 284.76
193.0 278.62
127.0 273.52
151.0 266.54
118.0 266.88
206.0 264.74
128.0 263.84
137.0 258.1
178.0 255.8
206.0 256.78
208.0 257.54
105.0 254.24
88.0 252.12
100.0 244.12
102.0 240.0
128.0 232.88
167.0 230.14
176.0 228.94
126.0 228.94
304.0 225.5
231.0 220.12
153.0 213.18
215.0 211.88
395.0 210.78
269.0 208.9
450.0 209.42
307.0 206.18
216.0 200.5
296.0 200.58
241.0 199.5
296.0 201.1
317.0 204.5
152.0 203.44
500.0 209.16
500.0 214.92
193.0 216.0
419.0 220.22
177.0 220.42
145.0 219.74
209.0 216.86
198.0 217.3
470.0 223.6
363.0 223.18
500.0 228.88
500.0 235.14
302.0 238.04
500.0 242.72
500.0 249.9
500.0 256.68
500.0 263.4
269.0 264.62
286.0 266.48
500.0 273.94
500.0 280.92
455.0 287.66
305.0 289.64
500.0 297.08
283.0 300.0
167.0 299.78
189.0 299.44
184.0 298.96
185.0 300.56
202.0 302.84
398.0 308.8
399.0 314.74
390.0 319.98
350.0 323.64
225.0 324.62
500.0 332.1
500.0 336.02
500.0 341.4
304.0 344.42
500.0 350.12
500.0 352.22
500.0 356.84
500.0 357.84
500.0 361.7
500.0 367.38
473.0 370.92
500.0 376.1
500.0 380.18
500.0 383.84
500.0 390.8
500.0 390.8
500.0 390.8
500.0 396.94
500.0 398.56
500.0 405.02
500.0 412.12
419.0 416.32
500.0 422.36
500.0 422.96
500.0 425.7
500.0 425.7
500.0 425.7
500.0 429.66
321.0 426.08
500.0 426.08
500.0 426.08
500.0 426.08
500.0 430.7
500.0 434.98
352.0 432.02
215.0 426.32
279.0 422.8
258.0 421.86
222.0 416.3
207.0 414.78
138.0 414.2
174.0 413.9
115.0 412.52
154.0 411.9
180.0 411.46
125.0 406.0
158.0 401.18
148.0 396.34
112.0 391.58
135.0 389.78
134.0 382.46
105.0 374.56
111.0 366.78
103.0 362.76
107.0 354.9
28.0 345.46
105.0 337.56
21.0 327.98
97.0 319.92
74.0 311.4
23.0 302.4
26.0 292.92
33.0 283.58
88.0 275.34
99.0 267.32
92.0 259.16
26.0 249.68
115.0 241.98
120.0 234.38
17.0 224.72
134.0 217.4
167.0 212.36
182.0 206.0
163.0 199.26
215.0 193.56
240.0 188.36
271.0 183.78
210.0 177.98
287.0 177.3
296.0 173.22
337.0 169.96
473.0 169.42
325.0 165.92
341.0 162.74
500.0 165.7
264.0 166.68
500.0 171.1
316.0 172.26
428.0 176.38
500.0 182.24
237.0 184.22
500.0 190.74
500.0 198.44
482.0 205.0
494.0 211.28
290.0 214.58
196.0 215.34
420.0 220.78
292.0 224.38
500.0 231.68
500.0 239.0
500.0 246.9
387.0 252.42
402.0 258.4
500.0 266.26
500.0 275.7
312.0 279.84
268.0 284.78
398.0 290.8
500.0 299.32
500.0 308.86
500.0 318.34
462.0 326.92
500.0 335.16
500.0 343.18
500.0 351.34
500.0 360.82
500.0 368.52
500.0 376.12
500.0 385.78
500.0 393.1
500.0 399.76
500.0 406.12
500.0 412.86
500.0 418.56
500.0 423.76
500.0 428.34
500.0 434.14
500.0 438.4
500.0 442.48
500.0 445.74
500.0 446.28
489.0 449.56
500.0 452.74
444.0 451.62
500.0 456.34
500.0 456.34
500.0 460.02
500.0 461.46
500.0 461.46
500.0 466.72
500.0 466.72
500.0 466.72
500.0 467.08
500.0 467.2
500.0 471.4
464.0 476.76
500.0 478.36
500.0 482.52
500.0 482.52
500.0 482.52
500.0 482.52
500.0 484.78
500.0 486.74
500.0 486.74
500.0 486.74
500.0 490.5
500.0 495.14
500.0 497.18
500.0 497.18
500.0 497.18
500.0 497.18
500.0 497.94
500.0 497.94
500.0 497.94
500.0 497.94
480.0 497.54
500.0 497.54
323.0 494.0
288.0 489.76
424.0 488.24
445.0 487.14
353.0 484.2
279.0 479.78
352.0 476.82
252.0 471.86
371.0 469.28
261.0 464.5
321.0 460.92
235.0 455.62
246.0 450.54
280.0 446.14
425.0 444.86
276.0 440.38
357.0 438.64
226.0 433.16
241.0 427.98
210.0 422.18
264.0 417.46
313.0 413.72
280.0 409.32
253.0 404.38
239.0 399.16
283.0 394.82
193.0 388.68
241.0 383.5
165.0 377.52
282.0 373.16
208.0 367.32
218.0 361.68
324.0 358.16
295.0 354.06
215.0 348.36
255.0 343.46
313.0 339.72
340.0 336.52
372.0 333.96
500.0 333.96
458.0 333.12
500.0 333.12
500.0 333.12
500.0 333.12
500.0 333.12
500.0 333.12
500.0 333.12
500.0 333.12
470.0 332.92
500.0 332.92
500.0 336.46
500.0 340.7
356.0 339.34
500.0 340.44
500.0 343.38
500.0 347.8
500.0 350.76
496.0 355.64
500.0 358.22
500.0 363.0
500.0 366.58
500.0 371.88
500.0 376.96
447.0 380.3
500.0 381.8
500.0 386.28
500.0 389.14
500.0 394.62
500.0 399.8
500.0 405.6
500.0 410.32
364.0 411.34
324.0 412.22
487.0 416.9
500.0 422.12
379.0 424.04
500.0 430.18
500.0 435.36
500.0 442.06
441.0 445.24
478.0 450.64
500.0 456.28
350.0 456.8
500.0 460.9
329.0 463.18
500.0 468.08
500.0 471.82
500.0 475.02
372.0 475.02
350.0 472.02
500.0 472.86
500.0 472.86
500.0 472.86
500.0 472.86
500.0 472.86
500.0 472.86
500.0 472.86
500.0 472.86
400.0 471.46
500.0 471.46
348.0 468.42
500.0 468.42
481.0 470.92
343.0 467.78
500.0 467.78
395.0 465.68
356.0 462.8
347.0 459.82
389.0 457.6
282.0 453.24
304.0 449.32
426.0 447.84
209.0 442.02
500.0 443.08
500.0 443.08
500.0 443.08
500.0 443.08
500.0 443.08
500.0 443.08
340.0 439.88
500.0 439.88
500.0 442.6
330.0 442.72
500.0 442.98
500.0 442.98
500.0 445.4
500.0 445.4
500.0 445.4
500.0 445.4
500.0 446.58
500.0 447.02
500.0 447.02
500.0 450.02
500.0 450.02
500.0 453.44
500.0 453.44
500.0 453.44
500.0 453.44
500.0 456.0
500.0 459.0
500.0 459.0
500.0 459.0
500.0 459.0
500.0 459.0
500.0 459.0
500.0 459.0
500.0 459.0
500.0 459.0
500.0 461.0
500.0 461.0
500.0 464.04
500.0 464.04
500.0 464.42
500.0 467.56
500.0 467.56
500.0 469.66
500.0 472.54
500.0 475.6
500.0 477.82
500.0 482.18
500.0 486.1
500.0 487.58
500.0 493.4
500.0 493.4
500.0 493.4
500.0 493.4
500.0 493.4
500.0 493.4
500.0 493.4
500.0 496.6
500.0 496.6
437.0 495.34
500.0 498.74
500.0 498.74
500.0 498.74
500.0 498.74
500.0 498.74
500.0 498.74
500.0 498.74
500.0 498.74
500.0 498.74
500.0 498.74
500.0 498.74
500.0 498.74
