47.0 47.0
12.0 29.5
14.0 24.333333333333332
12.0 21.25
18.0 20.6
25.0 21.333333333333332
14.0 20.285714285714285
18.0 20.0
23.0 20.333333333333332
13.0 19.6
13.0 19.0
12.0 18.416666666666668
9.0 17.692307692307693
16.0 17.571428571428573
16.0 17.466666666666665
46.0 19.25
13.0 18.88235294117647
23.0 19.11111111111111
19.0 19.105263157894736
42.0 20.25
22.0 20.333333333333332
26.0 20.59090909090909
19.0 20.52173913043478
24.0 20.666666666666668
26.0 20.88
20.0 20.846153846153847
21.0 20.85185185185185
79.0 22.928571428571427
29.0 23.137931034482758
39.0 23.666666666666668
31.0 23.903225806451612
18.0 23.71875
44.0 24.333333333333332
22.0 24.264705882352942
52.0 25.057142857142857
46.0 25.63888888888889
29.0 25.72972972972973
50.0 26.36842105263158
30.0 26.46153846153846
48.0 27.0
24.0 26.926829268292682
35.0 27.11904761904762
57.0 27.813953488372093
44.0 28.181818181818183
39.0 28.42222222222222
52.0 28.934782608695652
19.0 28.72340425531915
77.0 29.729166666666668
15.0 29.428571428571427
53.0 29.9
57.0 30.1
46.0 30.78
65.0 31.8
63.0 32.82
13.0 32.72
86.0 33.94
37.0 34.4
62.0 35.28
43.0 35.68
45.0 36.32
44.0 36.94
48.0 37.66
63.0 38.74
45.0 39.32
67.0 40.34
37.0 40.16
35.0 40.6
52.0 41.18
31.0 41.42
75.0 42.08
63.0 42.9
48.0 43.34
96.0 44.88
23.0 44.86
31.0 44.96
62.0 45.8
83.0 47.04
85.0 47.16
46.0 47.5
33.0 47.38
86.0 48.48
56.0 49.24
75.0 49.86
55.0 50.52
117.0 51.82
64.0 52.18
111.0 53.82
73.0 54.28
36.0 54.4
181.0 57.06
36.0 57.3
85.0 58.3
63.0 58.42
34.0 58.22
30.0 58.04
46.0 57.92
74.0 59.02
67.0 58.82
126.0 61.04
146.0 62.9
29.0 62.34
63.0 62.68
72.0 62.82
132.0 64.2
135.0 66.64
77.0 66.46
85.0 67.42
91.0 68.0
264.0 72.42
228.0 76.08
103.0 77.26
57.0 77.44
175.0 79.68
153.0 81.84
83.0 82.16
151.0 84.44
207.0 87.88
262.0 92.08
188.0 95.22
198.0 97.68
248.0 101.38
207.0 104.56
170.0 106.04
30.0 106.18
121.0 107.98
77.0 108.28
72.0 108.06
74.0 107.84
162.0 110.16
110.0 111.7
177.0 113.52
127.0 114.94
213.0 117.7
216.0 120.92
206.0 122.7
80.0 123.02
400.0 128.8
328.0 133.9
121.0 135.6
185.0 135.68
390.0 142.76
273.0 146.52
207.0 149.4
209.0 152.9
148.0 155.26
177.0 157.88
429.0 164.98
178.0 167.2
111.0 166.9
171.0 167.4
236.0 171.54
99.0 172.26
122.0 173.26
319.0 177.0
116.0 176.62
163.0 178.34
192.0 180.48
188.0 182.42
25.0 177.64
120.0 175.48
112.0 175.66
58.0 175.68
113.0 174.44
121.0 173.8
103.0 174.2
72.0 172.62
97.0 170.42
75.0 166.68
49.0 163.9
127.0 162.48
175.0 161.02
141.0 159.7
170.0 159.7
139.0 161.88
188.0 163.22
158.0 164.84
145.0 166.3
149.0 167.8
121.0 166.98
129.0 167.36
148.0 166.78
167.0 167.58
137.0 166.06
168.0 165.1
181.0 164.6
111.0 165.22
128.0 159.78
134.0 155.9
147.0 156.42
123.0 155.18
138.0 150.14
141.0 147.5
158.0 146.52
129.0 144.92
159.0 145.14
139.0 144.38
144.0 138.68
140.0 137.92
170.0 139.1
151.0 138.7
188.0 137.74
152.0 138.8
244.0 141.24
244.0 139.74
197.0 141.36
349.0 145.08
319.0 147.62
427.0 152.4
297.0 157.84
321.0 161.86
234.0 164.3
243.0 168.0
284.0 171.42
387.0 176.74
350.0 181.68
397.0 188.18
359.0 193.42
332.0 198.56
274.0 203.06
246.0 205.44
261.0 207.16
252.0 209.38
216.0 210.3
310.0 213.72
233.0 214.62
303.0 217.52
311.0 220.84
174.0 221.34
370.0 226.32
313.0 230.0
302.0 233.08
272.0 235.18
349.0 239.42
119.0 238.44
500.0 244.82
187.0 246.34
500.0 253.78
400.0 259.1
500.0 266.16
290.0 269.5
316.0 273.06
500.0 280.24
351.0 284.1
422.0 289.96
305.0 292.88
368.0 297.46
380.0 302.18
303.0 305.44
200.0 306.04
314.0 309.3
281.0 311.16
264.0 313.4
238.0 313.28
251.0 313.42
294.0 315.36
319.0 314.76
182.0 312.02
358.0 310.64
255.0 309.8
286.0 309.1
328.0 310.98
273.0 311.58
358.0 313.06
186.0 309.04
314.0 308.32
236.0 305.1
266.0 303.24
237.0 301.34
293.0 301.72
346.0 303.72
274.0 303.98
268.0 304.3
185.0 303.68
267.0 302.82
321.0 304.58
252.0 303.56
316.0 303.66
260.0 305.38
223.0 302.44
215.0 300.48
155.0 297.54
224.0 296.58
233.0 294.26
159.0 295.06
166.0 288.38
137.0 287.38
159.0 280.56
149.0 275.54
179.0 269.12
114.0 265.6
140.0 262.08
128.0 254.64
113.0 249.88
94.0 243.32
101.0 239.24
130.0 234.48
109.0 229.06
122.0 225.44
92.0 223.28
115.0 219.3
112.0 215.92
102.0 212.68
133.0 210.58
87.0 207.3
140.0 204.22
126.0 200.36
128.0 199.28
207.0 196.26
108.0 193.32
112.0 189.84
139.0 186.06
165.0 183.9
119.0 179.12
124.0 177.88
134.0 174.28
155.0 172.66
122.0 169.78
210.0 169.24
201.0 167.4
157.0 163.62
230.0 162.74
232.0 162.02
269.0 163.7
122.0 160.8
238.0 159.14
355.0 161.2
458.0 164.04
434.0 167.52
351.0 170.08
500.0 175.78
500.0 182.68
500.0 188.2
466.0 192.86
500.0 199.68
198.0 200.32
500.0 207.58
483.0 214.06
500.0 221.08
273.0 222.96
500.0 230.68
486.0 237.6
339.0 241.82
349.0 246.54
411.0 252.88
303.0 256.92
273.0 259.78
471.0 267.02
432.0 273.22
381.0 279.0
264.0 281.98
500.0 289.74
483.0 297.36
369.0 302.08
483.0 310.0
472.0 316.64
148.0 317.08
452.0 323.56
394.0 327.3
500.0 335.14
483.0 342.56
374.0 347.26
430.0 352.56
484.0 359.86
208.0 361.54
163.0 362.12
500.0 369.02
500.0 376.58
500.0 382.38
500.0 388.36
500.0 395.22
488.0 400.38
500.0 405.74
500.0 410.36
148.0 410.88
500.0 416.12
500.0 419.02
500.0 419.86
500.0 421.18
500.0 424.16
500.0 424.16
399.0 422.14
500.0 422.14
468.0 422.18
247.0 417.12
368.0 420.52
457.0 419.66
500.0 420.0
500.0 420.0
246.0 419.46
500.0 419.46
498.0 419.7
500.0 422.92
306.0 422.06
500.0 423.84
321.0 424.2
500.0 428.74
442.0 428.16
418.0 427.88
313.0 426.52
358.0 428.4
260.0 423.6
380.0 421.54
295.0 420.06
295.0 416.3
272.0 412.3
213.0 413.6
202.0 408.6
134.0 403.4
199.0 397.38
178.0 391.28
173.0 387.26
160.0 381.86
136.0 374.9
144.0 373.62
114.0 372.64
112.0 364.88
104.0 356.96
105.0 349.06
102.0 341.1
108.0 333.26
124.0 325.98
120.0 318.38
117.0 310.72
19.0 308.14
27.0 298.68
122.0 291.12
97.0 283.06
120.0 275.46
120.0 267.86
109.0 260.04
117.0 254.4
95.0 246.3
101.0 238.96
48.0 234.98
35.0 228.32
107.0 221.32
114.0 213.6
89.0 205.38
91.0 202.28
110.0 194.48
30.0 185.12
108.0 177.28
116.0 173.48
123.0 165.94
116.0 161.84
117.0 154.18
110.0 147.54
134.0 141.86
110.0 137.8
111.0 132.86
116.0 129.98
160.0 125.58
109.0 121.86
139.0 118.74
140.0 116.1
172.0 115.28
146.0 114.16
161.0 114.7
143.0 113.58
186.0 113.74
160.0 113.48
176.0 113.8
160.0 114.28
173.0 114.86
201.0 116.6
188.0 118.12
175.0 119.54
198.0 121.4
231.0 123.98
238.0 126.58
185.0 127.8
213.0 129.66
247.0 132.26
228.0 136.44
240.0 140.7
201.0 142.28
197.0 144.28
163.0 145.14
200.0 146.74
167.0 147.9
161.0 148.78
145.0 149.78
155.0 150.86
131.0 152.52
166.0 155.14
149.0 155.98
180.0 157.3
128.0 158.08
137.0 159.0
174.0 160.28
149.0 162.66
114.0 162.78
157.0 163.6
128.0 163.7
127.0 163.92
151.0 164.6
129.0 164.98
161.0 165.52
152.0 166.36
137.0 166.88
154.0 167.64
140.0 167.24
155.0 168.16
131.0 168.0
155.0 168.3
147.0 167.8
163.0 168.14
138.0 167.68
145.0 167.72
117.0 166.34
135.0 165.84
124.0 164.8
121.0 164.02
97.0 162.5
23.0 158.94
105.0 157.28
118.0 156.14
123.0 154.64
104.0 152.1
30.0 147.94
24.0 144.72
87.0 142.2
86.0 138.98
113.0 136.68
14.0 132.16
100.0 130.14
113.0 128.46
104.0 127.28
101.0 125.3
108.0 124.12
103.0 122.96
19.0 120.44
115.0 119.64
120.0 119.42
120.0 118.5
29.0 116.1
103.0 114.56
109.0 114.18
101.0 113.46
115.0 112.28
133.0 111.96
115.0 111.98
146.0 111.76
130.0 111.8
174.0 112.74
167.0 113.06
157.0 113.62
163.0 113.66
164.0 113.9
152.0 114.2
117.0 113.46
135.0 113.36
138.0 113.02
150.0 113.4
135.0 113.0
154.0 113.14
107.0 112.02
139.0 112.04
122.0 111.58
124.0 111.72
110.0 111.22
126.0 111.26
101.0 110.86
125.0 111.42
130.0 113.56
117.0 113.8
114.0 113.72
110.0 113.46
115.0 113.68
127.0 115.62
125.0 117.64
114.0 118.18
130.0 119.06
141.0 119.62
144.0 122.22
128.0 122.78
160.0 123.72
140.0 124.44
148.0 125.38
155.0 126.32
160.0 127.46
179.0 130.66
160.0 131.56
165.0 132.46
194.0 133.94
197.0 137.3
176.0 138.76
151.0 139.6
169.0 140.96
168.0 142.02
168.0 142.72
182.0 144.06
197.0 145.08
174.0 145.96
205.0 146.58
188.0 147.0
195.0 147.76
204.0 148.58
209.0 149.48
197.0 150.38
