18.0 18.0
20.0 19.0
34.0 24.0
47.0 29.75
13.0 26.4
38.0 28.333333333333332
30.0 28.571428571428573
19.0 27.375
9.0 25.333333333333332
12.0 24.0
11.0 22.818181818181817
15.0 22.166666666666668
15.0 21.615384615384617
18.0 21.357142857142858
21.0 21.333333333333332
18.0 21.125
22.0 21.176470588235293
15.0 20.833333333333332
14.0 20.473684210526315
39.0 21.4
17.0 21.19047619047619
47.0 22.363636363636363
18.0 22.17391304347826
23.0 22.208333333333332
33.0 22.64
15.0 22.346153846153847
17.0 22.14814814814815
25.0 22.25
12.0 21.896551724137932
15.0 21.666666666666668
25.0 21.774193548387096
17.0 21.625
21.0 21.606060606060606
17.0 21.470588235294116
27.0 21.62857142857143
13.0 21.38888888888889
19.0 21.324324324324323
15.0 21.157894736842106
17.0 21.05128205128205
25.0 21.15
10.0 20.878048780487806
17.0 20.785714285714285
73.0 22.0
14.0 21.818181818181817
13.0 21.622222222222224
20.0 21.58695652173913
9.0 21.319148936170212
16.0 21.208333333333332
22.0 21.224489795918366
28.0 21.36
28.0 21.56
10.0 21.36
39.0 21.46
31.0 21.14
75.0 22.38
17.0 21.96
18.0 21.72
13.0 21.6
22.0 21.86
32.0 22.26
18.0 22.4
9.0 22.28
14.0 22.26
38.0 22.66
24.0 22.72
42.0 23.2
16.0 23.08
8.0 22.94
24.0 23.14
37.0 23.1
15.0 23.06
13.0 22.38
10.0 22.22
14.0 22.04
13.0 21.64
35.0 22.04
46.0 22.62
12.0 22.36
21.0 22.54
16.0 22.56
15.0 22.36
15.0 22.32
35.0 22.6
18.0 22.62
11.0 22.3
31.0 22.66
17.0 22.62
13.0 22.58
14.0 22.52
24.0 22.5
14.0 22.58
19.0 22.62
44.0 22.04
38.0 22.52
11.0 22.48
69.0 23.46
21.0 23.7
12.0 23.62
13.0 23.44
37.0 23.62
20.0 23.46
23.0 23.72
35.0 23.64
12.0 23.26
75.0 23.26
22.0 23.36
11.0 23.22
48.0 23.92
19.0 23.86
17.0 23.56
21.0 23.62
20.0 23.84
24.0 24.04
111.0 25.5
38.0 25.78
10.0 25.14
47.0 25.76
14.0 25.88
80.0 27.0
52.0 27.3
42.0 27.84
14.0 27.86
42.0 28.5
35.0 28.92
112.0 30.9
150.0 33.2
33.0 32.94
16.0 33.02
24.0 33.08
21.0 33.18
40.0 33.68
41.0 34.2
43.0 34.36
50.0 35.0
73.0 36.24
26.0 36.14
146.0 38.72
45.0 39.36
90.0 40.88
26.0 40.92
25.0 41.14
46.0 41.68
64.0 42.08
63.0 42.58
49.0 43.34
39.0 42.74
37.0 43.06
129.0 45.4
49.0 46.12
98.0 47.34
162.0 50.18
99.0 51.7
128.0 53.56
19.0 53.7
60.0 53.4
159.0 56.14
121.0 58.34
60.0 58.58
23.0 58.66
34.0 59.0
37.0 59.32
103.0 60.98
62.0 61.74
33.0 60.18
160.0 62.62
30.0 63.02
131.0 64.7
160.0 67.62
83.0 67.68
168.0 70.0
109.0 71.34
95.0 72.96
148.0 75.08
62.0 75.62
95.0 75.28
64.0 73.56
166.0 76.22
191.0 79.72
165.0 82.54
212.0 86.36
28.0 86.12
260.0 90.5
27.0 90.18
89.0 90.96
42.0 90.34
167.0 93.16
179.0 93.82
152.0 95.96
194.0 98.04
232.0 102.16
118.0 104.02
233.0 107.76
41.0 107.3
141.0 108.86
169.0 111.26
71.0 111.9
84.0 112.84
203.0 114.32
122.0 115.78
148.0 116.78
162.0 116.78
107.0 116.94
133.0 117.04
160.0 119.86
138.0 121.42
280.0 123.84
146.0 124.34
154.0 126.22
151.0 128.78
173.0 131.56
171.0 134.24
197.0 136.12
186.0 138.6
142.0 140.78
48.0 138.54
115.0 140.24
156.0 140.74
166.0 140.86
180.0 142.8
211.0 143.66
143.0 144.34
242.0 147.28
151.0 147.34
123.0 148.56
126.0 149.18
194.0 151.78
146.0 151.38
189.0 151.34
204.0 152.12
158.0 151.04
141.0 153.3
138.0 150.86
184.0 154.0
168.0 155.58
163.0 158.0
220.0 159.06
500.0 165.48
136.0 165.16
138.0 164.04
201.0 163.42
179.0 164.64
198.0 163.94
291.0 168.94
183.0 169.78
138.0 169.16
147.0 170.68
225.0 173.5
195.0 173.34
187.0 174.64
150.0 174.68
157.0 174.58
185.0 176.14
185.0 177.18
220.0 178.38
209.0 179.8
199.0 178.18
182.0 178.9
144.0 178.7
127.0 178.22
178.0 178.32
189.0 178.68
156.0 177.86
124.0 176.62
141.0 176.6
143.0 178.5
152.0 179.24
128.0 178.68
146.0 178.28
159.0 177.86
160.0 176.84
109.0 176.16
170.0 174.72
200.0 175.7
144.0 176.12
206.0 177.72
172.0 177.28
153.0 177.42
123.0 176.1
42.0 172.86
169.0 173.08
130.0 172.86
185.0 173.8
232.0 174.76
249.0 176.38
207.0 177.26
106.0 174.98
240.0 169.78
215.0 171.36
357.0 175.74
112.0 173.96
234.0 175.06
156.0 174.22
132.0 171.04
320.0 173.78
259.0 176.2
116.0 175.58
134.0 173.76
213.0 174.12
331.0 177.0
251.0 179.02
446.0 184.8
315.0 187.4
500.0 193.7
301.0 195.32
341.0 197.96
240.0 198.78
397.0 203.08
338.0 206.96
500.0 214.42
334.0 217.54
223.0 218.22
244.0 219.98
152.0 220.54
155.0 220.82
213.0 222.22
201.0 223.2
118.0 223.0
163.0 223.34
165.0 223.46
137.0 223.0
139.0 223.6
192.0 224.04
221.0 224.46
181.0 225.2
230.0 225.68
188.0 226.0
152.0 225.98
211.0 227.74
244.0 231.78
199.0 232.38
258.0 234.94
255.0 236.34
265.0 237.0
236.0 236.74
232.0 237.24
214.0 239.4
166.0 237.92
205.0 237.72
191.0 234.4
215.0 236.46
239.0 236.56
307.0 239.58
233.0 241.6
287.0 240.94
172.0 239.2
252.0 241.92
190.0 243.04
204.0 242.86
281.0 241.86
175.0 240.34
186.0 235.14
204.0 232.92
231.0 227.54
222.0 225.96
181.0 222.76
89.0 219.74
197.0 215.74
173.0 212.44
173.0 205.9
190.0 203.02
173.0 202.02
175.0 200.64
205.0 201.7
109.0 200.78
219.0 200.9
182.0 200.52
187.0 201.9
108.0 200.8
179.0 201.08
37.0 199.08
43.0 197.16
122.0 195.76
117.0 193.68
134.0 192.74
141.0 190.96
122.0 189.64
130.0 189.2
127.0 187.52
148.0 185.6
65.0 182.92
153.0 180.82
184.0 179.4
237.0 178.84
114.0 176.4
240.0 176.56
337.0 179.02
217.0 180.04
160.0 179.14
246.0 180.24
252.0 180.98
163.0 179.46
96.0 175.24
246.0 175.5
95.0 171.66
302.0 174.26
154.0 172.3
467.0 177.84
473.0 183.22
411.0 185.82
176.0 185.84
393.0 189.98
135.0 188.6
391.0 191.8
256.0 192.48
246.0 193.78
227.0 196.54
232.0 197.24
181.0 197.4
168.0 197.3
220.0 197.9
179.0 198.02
224.0 199.0
194.0 198.78
179.0 200.18
230.0 200.4
91.0 198.58
30.0 195.44
261.0 198.5
122.0 197.36
225.0 201.12
237.0 205.0
259.0 207.74
236.0 210.12
268.0 212.8
304.0 216.06
291.0 219.44
500.0 226.84
305.0 230.4
221.0 231.86
327.0 237.1
315.0 240.34
319.0 243.04
327.0 244.84
312.0 248.8
120.0 246.4
266.0 244.98
315.0 246.94
286.0 249.46
395.0 252.44
159.0 250.58
311.0 253.54
500.0 261.62
277.0 262.24
310.0 266.54
500.0 270.5
309.0 273.6
453.0 273.32
500.0 273.86
500.0 275.64
500.0 282.12
375.0 281.76
500.0 289.06
340.0 288.04
500.0 292.92
500.0 298.0
500.0 303.46
500.0 308.82
491.0 315.02
500.0 321.66
500.0 327.26
500.0 333.68
162.0 332.44
500.0 338.56
500.0 344.98
226.0 344.9
376.0 350.6
500.0 360.0
500.0 364.78
292.0 368.18
128.0 366.24
363.0 368.76
197.0 367.52
185.0 366.5
250.0 366.14
425.0 368.56
266.0 368.06
500.0 368.06
275.0 367.46
462.0 372.28
500.0 375.74
500.0 379.44
424.0 381.54
500.0 385.0
464.0 388.04
500.0 395.64
291.0 396.14
332.0 396.48
500.0 400.76
500.0 402.86
297.0 405.62
500.0 409.4
302.0 405.44
500.0 409.9
435.0 412.4
335.0 409.1
500.0 412.92
339.0 410.64
483.0 410.3
495.0 410.2
333.0 406.86
500.0 409.36
362.0 406.6
408.0 407.96
478.0 407.52
500.0 407.52
500.0 407.52
319.0 403.9
446.0 403.0
328.0 399.56
269.0 394.94
286.0 390.66
232.0 392.06
324.0 388.54
261.0 383.76
190.0 383.04
298.0 381.48
228.0 376.04
169.0 369.42
182.0 367.22
174.0 368.14
130.0 363.48
123.0 362.0
116.0 360.62
37.0 356.36
158.0 351.02
131.0 348.32
205.0 342.42
194.0 340.8
250.0 336.56
111.0 328.78
87.0 320.52
108.0 314.2
105.0 306.3
33.0 297.68
127.0 290.22
112.0 286.64
165.0 283.3
34.0 273.98
149.0 266.96
128.0 263.58
123.0 256.04
115.0 252.3
116.0 244.62
119.0 238.3
119.0 233.98
21.0 224.4
35.0 218.32
129.0 211.24
43.0 202.2
127.0 198.08
40.0 188.88
135.0 184.34
151.0 179.2
117.0 171.98
150.0 164.98
27.0 155.52
143.0 152.0
143.0 145.94
161.0 142.6
138.0 139.98
176.0 137.78
133.0 135.8
162.0 132.56
167.0 130.68
172.0 130.32
81.0 125.98
155.0 124.52
180.0 124.74
161.0 124.32
187.0 124.58
182.0 125.62
148.0 126.12
177.0 127.34
220.0 131.0
214.0 132.12
230.0 134.1
216.0 134.32
189.0 134.22
279.0 134.8
255.0 137.68
286.0 141.66
283.0 145.16
84.0 144.74
242.0 148.92
28.0 146.94
206.0 148.82
234.0 150.2
183.0 153.18
184.0 153.88
197.0 155.26
211.0 157.02
165.0 158.02
195.0 159.6
188.0 160.98
173.0 162.06
225.0 166.14
171.0 168.86
178.0 169.84
168.0 172.34
199.0 173.78
