18.0 18.0
21.0 19.5
19.0 19.333333333333332
34.0 23.0
20.0 22.4
23.0 22.5
17.0 21.714285714285715
49.0 25.125
29.0 25.555555555555557
39.0 26.9
17.0 26.0
18.0 25.333333333333332
18.0 24.76923076923077
32.0 25.285714285714285
16.0 24.666666666666668
11.0 23.8125
10.0 23.0
19.0 22.77777777777778
19.0 22.57894736842105
16.0 22.25
54.0 23.761904761904763
22.0 23.681818181818183
61.0 25.304347826086957
14.0 24.833333333333332
15.0 24.44
20.0 24.26923076923077
20.0 24.11111111111111
22.0 24.035714285714285
33.0 24.344827586206897
51.0 25.233333333333334
31.0 25.419354838709676
38.0 25.8125
16.0 25.515151515151516
18.0 25.294117647058822
25.0 25.285714285714285
12.0 24.916666666666668
47.0 25.513513513513512
22.0 25.42105263157895
14.0 25.128205128205128
28.0 25.2
27.0 25.24390243902439
43.0 25.666666666666668
100.0 27.3953488372093
35.0 27.568181818181817
30.0 27.622222222222224
37.0 27.82608695652174
43.0 28.148936170212767
45.0 28.5
16.0 28.244897959183675
48.0 28.64
89.0 30.06
34.0 30.32
33.0 30.6
19.0 30.3
35.0 30.6
37.0 30.88
31.0 31.16
167.0 33.52
17.0 33.28
22.0 32.94
233.0 37.26
71.0 38.32
74.0 39.44
34.0 39.48
36.0 39.88
42.0 40.5
34.0 40.98
142.0 43.44
53.0 44.12
69.0 45.18
24.0 44.58
64.0 45.42
68.0 45.56
21.0 45.7
180.0 49.0
113.0 50.86
181.0 54.08
36.0 54.36
33.0 54.36
117.0 55.68
31.0 55.68
87.0 56.66
90.0 58.14
56.0 58.9
133.0 61.06
37.0 61.56
135.0 63.32
39.0 63.66
93.0 65.24
61.0 65.9
138.0 68.12
91.0 69.08
137.0 69.82
144.0 72.0
213.0 75.66
88.0 76.68
197.0 79.76
94.0 80.74
12.0 80.66
148.0 82.66
34.0 81.56
123.0 83.34
47.0 83.62
84.0 84.92
177.0 87.76
189.0 90.8
183.0 93.84
212.0 94.74
318.0 100.76
234.0 105.0
232.0 104.98
75.0 105.06
205.0 107.68
90.0 108.8
142.0 110.92
158.0 113.24
134.0 115.24
131.0 115.02
138.0 116.72
168.0 118.7
101.0 120.24
143.0 121.82
257.0 125.6
126.0 127.7
101.0 126.12
85.0 125.56
93.0 123.8
148.0 126.04
41.0 126.2
103.0 125.92
190.0 129.1
41.0 128.18
60.0 127.58
27.0 127.0
101.0 126.36
124.0 128.1
30.0 126.0
25.0 125.72
87.0 125.6
25.0 124.88
177.0 125.66
46.0 124.76
193.0 125.88
141.0 125.82
90.0 123.36
39.0 122.38
205.0 122.54
96.0 122.58
199.0 126.32
139.0 126.14
202.0 129.5
286.0 132.76
229.0 136.4
154.0 137.8
195.0 138.16
90.0 136.18
245.0 137.42
409.0 141.36
217.0 139.34
173.0 138.12
269.0 138.86
414.0 145.64
433.0 150.2
231.0 153.02
354.0 157.26
123.0 156.56
196.0 157.8
190.0 158.98
180.0 159.82
198.0 160.42
147.0 161.34
155.0 161.58
137.0 159.18
138.0 159.42
13.0 157.66
236.0 160.68
347.0 165.76
152.0 165.84
130.0 167.62
158.0 168.72
211.0 169.14
299.0 174.3
236.0 177.82
187.0 181.02
192.0 182.84
121.0 182.78
147.0 185.12
144.0 187.5
218.0 190.12
265.0 194.92
186.0 195.1
131.0 196.8
160.0 196.14
312.0 199.56
305.0 203.86
334.0 209.76
387.0 213.4
319.0 217.86
327.0 220.42
251.0 222.66
292.0 224.46
300.0 224.74
326.0 226.68
294.0 229.48
163.0 228.84
271.0 232.46
326.0 234.08
258.0 231.06
227.0 231.26
288.0 233.56
179.0 231.76
207.0 227.62
166.0 222.28
163.0 220.92
126.0 216.36
151.0 216.92
127.0 215.54
106.0 213.86
100.0 212.26
90.0 210.1
128.0 209.72
116.0 208.94
78.0 207.76
111.0 207.22
105.0 209.06
142.0 207.18
189.0 204.02
149.0 203.96
133.0 204.02
210.0 205.06
206.0 204.96
205.0 203.08
168.0 201.72
159.0 201.16
236.0 202.04
297.0 205.56
299.0 208.6
140.0 208.52
201.0 208.18
192.0 206.72
222.0 207.44
238.0 209.58
278.0 211.94
360.0 212.9
307.0 212.94
330.0 212.86
250.0 210.12
436.0 212.46
220.0 210.32
380.0 212.9
409.0 215.24
500.0 219.24
361.0 219.94
362.0 221.3
190.0 221.84
333.0 223.08
312.0 222.8
208.0 221.8
292.0 223.1
270.0 222.74
208.0 223.32
312.0 225.42
225.0 226.6
410.0 231.54
277.0 234.56
255.0 236.64
195.0 238.0
243.0 240.74
267.0 244.08
187.0 246.02
200.0 247.46
157.0 248.28
269.0 252.1
385.0 257.58
191.0 259.3
166.0 259.78
231.0 260.62
209.0 261.82
195.0 263.06
217.0 263.2
209.0 263.26
367.0 266.5
313.0 269.4
336.0 272.94
382.0 275.86
250.0 274.92
179.0 272.52
351.0 276.74
316.0 279.04
196.0 279.12
248.0 279.64
223.0 279.34
229.0 278.36
185.0 274.86
208.0 272.88
249.0 271.26
333.0 272.92
176.0 267.72
149.0 266.3
77.0 260.24
86.0 253.78
287.0 249.52
202.0 246.34
226.0 243.62
69.0 241.2
264.0 239.82
175.0 237.08
230.0 237.52
160.0 234.88
156.0 232.6
250.0 233.44
165.0 230.5
199.0 229.98
279.0 227.36
213.0 226.08
179.0 224.56
331.0 227.28
205.0 226.52
236.0 225.9
218.0 226.52
156.0 225.64
67.0 223.84
372.0 225.9
267.0 223.54
228.0 224.28
325.0 227.46
190.0 226.64
255.0 227.56
136.0 226.38
174.0 225.52
152.0 224.38
144.0 219.92
150.0 216.66
160.0 213.14
29.0 206.08
163.0 204.34
159.0 203.94
147.0 199.86
149.0 196.52
127.0 195.14
55.0 191.28
147.0 189.76
153.0 188.24
159.0 187.72
156.0 186.68
159.0 184.88
182.0 181.86
131.0 180.96
149.0 180.96
169.0 182.8
120.0 183.48
146.0 180.66
134.0 179.3
109.0 176.96
145.0 178.48
146.0 176.12
139.0 175.4
136.0 173.52
140.0 173.12
121.0 172.42
164.0 170.7
152.0 170.44
176.0 169.98
192.0 168.24
159.0 167.16
154.0 166.66
135.0 162.74
157.0 161.78
180.0 160.66
158.0 159.46
122.0 158.78
130.0 160.04
122.0 155.04
133.0 152.36
140.0 150.6
119.0 146.48
132.0 145.32
129.0 142.8
118.0 142.44
117.0 141.3
127.0 140.8
54.0 139.0
133.0 138.66
133.0 138.12
138.0 140.3
133.0 139.7
132.0 139.16
142.0 139.06
156.0 139.2
146.0 139.58
176.0 142.0
198.0 143.02
159.0 143.14
182.0 143.6
149.0 143.46
149.0 143.26
162.0 142.86
120.0 142.64
157.0 142.8
157.0 142.56
132.0 142.8
143.0 142.74
165.0 143.36
141.0 144.0
152.0 144.14
136.0 143.94
135.0 143.86
144.0 144.02
142.0 144.06
148.0 144.6
114.0 143.6
157.0 143.7
134.0 142.86
36.0 139.74
134.0 139.24
111.0 138.38
105.0 137.78
129.0 137.22
111.0 135.84
119.0 135.06
105.0 134.72
127.0 134.66
113.0 134.48
101.0 133.84
143.0 133.9
137.0 134.26
148.0 134.58
156.0 135.12
129.0 135.34
147.0 135.94
132.0 136.04
132.0 137.6
158.0 138.1
169.0 138.82
146.0 138.98
140.0 139.12
147.0 139.42
150.0 139.58
162.0 139.7
175.0 140.28
141.0 139.58
163.0 138.88
167.0 139.04
208.0 139.56
159.0 139.76
202.0 140.82
151.0 140.6
201.0 142.22
172.0 142.52
204.0 143.46
184.0 144.5
205.0 145.74
259.0 147.62
211.0 149.02
179.0 149.56
249.0 151.82
178.0 152.68
186.0 153.52
169.0 154.06
215.0 155.4
181.0 156.74
189.0 157.38
163.0 157.96
182.0 160.88
179.0 161.78
163.0 162.82
159.0 163.9
159.0 164.5
179.0 165.86
117.0 165.82
148.0 166.68
140.0 166.94
153.0 167.74
141.0 168.54
163.0 168.94
148.0 169.16
131.0 168.82
190.0 169.5
122.0 169.36
135.0 169.12
132.0 169.12
166.0 169.8
199.0 170.62
166.0 170.56
153.0 170.7
182.0 171.54
183.0 172.26
196.0 173.18
181.0 173.56
196.0 173.98
213.0 175.42
290.0 177.96
301.0 180.64
259.0 181.66
295.0 184.38
441.0 189.16
500.0 196.14
366.0 199.44
491.0 205.82
426.0 210.26
493.0 216.44
500.0 222.34
346.0 224.08
500.0 229.86
500.0 236.28
417.0 239.64
500.0 246.08
500.0 252.36
384.0 256.66
500.0 262.36
368.0 266.1
500.0 272.32
500.0 279.06
500.0 285.42
321.0 288.26
395.0 292.9
376.0 297.24
330.0 300.66
379.0 304.66
363.0 309.58
229.0 311.2
473.0 317.86
367.0 322.14
480.0 328.92
453.0 334.72
455.0 340.86
387.0 345.98
278.0 347.74
293.0 351.16
327.0 355.0
384.0 360.04
451.0 365.74
397.0 369.7
301.0 372.4
461.0 378.56
500.0 384.92
448.0 390.22
500.0 396.3
500.0 402.68
434.0 407.44
500.0 413.18
406.0 415.5
500.0 419.48
383.0 421.96
500.0 426.06
500.0 427.24
389.0 425.02
362.0 424.94
321.0 421.54
491.0 422.84
417.0 421.32
393.0 419.18
471.0 421.68
413.0 419.94
270.0 415.34
241.0 411.82
414.0 410.1
411.0 408.32
500.0 410.64
500.0 410.64
294.0 409.16
460.0 408.36
500.0 408.36
500.0 408.36
357.0 409.08
500.0 411.18
500.0 413.66
441.0 415.88
500.0 418.3
451.0 420.06
471.0 424.9
322.0 421.88
463.0 423.8
263.0 419.46
265.0 415.7
308.0 412.76
456.0 414.14
437.0 417.32
496.0 421.38
477.0 424.38
500.0 426.7
500.0 427.68
500.0 429.74
500.0 433.72
500.0 434.5
500.0 434.5
500.0 435.54
337.0 432.28
500.0 432.28
500.0 433.6
500.0 433.6
500.0 435.48
476.0 435.0
500.0 437.34
321.0 433.76
287.0 429.5
251.0 426.74
259.0 424.68
215.0 422.56
153.0 415.8
