17.0 17.0
23.0 20.0
48.0 29.333333333333332
17.0 26.25
14.0 23.8
12.0 21.833333333333332
21.0 21.714285714285715
29.0 22.625
12.0 21.444444444444443
24.0 21.7
29.0 22.363636363636363
17.0 21.916666666666668
21.0 21.846153846153847
31.0 22.5
14.0 21.933333333333334
33.0 22.625
15.0 22.176470588235293
55.0 24.0
17.0 23.63157894736842
13.0 23.1
22.0 23.047619047619047
14.0 22.636363636363637
15.0 22.304347826086957
33.0 22.75
16.0 22.48
16.0 22.23076923076923
27.0 22.40740740740741
16.0 22.178571428571427
18.0 22.03448275862069
16.0 21.833333333333332
27.0 22.0
36.0 22.4375
42.0 23.03030303030303
34.0 23.352941176470587
25.0 23.4
12.0 23.083333333333332
24.0 23.10810810810811
78.0 24.55263157894737
27.0 24.615384615384617
55.0 25.375
16.0 25.146341463414632
48.0 25.69047619047619
19.0 25.53488372093023
22.0 25.454545454545453
16.0 25.244444444444444
22.0 25.17391304347826
21.0 25.085106382978722
19.0 24.958333333333332
20.0 24.857142857142858
51.0 25.38
37.0 25.78
51.0 26.34
20.0 25.78
18.0 25.8
16.0 25.84
27.0 26.14
20.0 26.12
43.0 26.4
16.0 26.48
31.0 26.62
32.0 26.68
31.0 26.96
14.0 26.82
16.0 26.52
27.0 26.78
23.0 26.58
110.0 28.48
59.0 28.56
54.0 29.3
56.0 30.16
30.0 30.32
59.0 31.22
51.0 31.94
32.0 31.92
39.0 32.38
65.0 33.36
23.0 33.28
39.0 33.74
13.0 33.64
103.0 35.38
21.0 35.26
23.0 35.0
120.0 36.56
39.0 36.66
29.0 36.74
72.0 37.94
73.0 38.92
68.0 38.72
96.0 40.1
75.0 40.5
171.0 43.6
50.0 43.64
54.0 44.34
81.0 45.52
36.0 45.92
61.0 46.7
21.0 46.7
32.0 46.96
161.0 49.78
90.0 50.56
69.0 51.2
48.0 51.14
117.0 53.08
157.0 55.86
126.0 58.06
102.0 59.56
60.0 60.36
72.0 60.94
80.0 62.22
173.0 65.06
71.0 65.84
177.0 68.76
171.0 71.9
48.0 72.54
57.0 73.14
156.0 75.8
97.0 75.54
285.0 80.06
106.0 81.1
195.0 83.88
126.0 85.8
99.0 86.6
177.0 89.12
196.0 92.4
115.0 93.92
37.0 93.36
110.0 95.1
189.0 98.1
178.0 101.4
131.0 101.96
104.0 103.62
37.0 103.9
35.0 102.2
99.0 103.4
46.0 103.74
81.0 103.92
17.0 102.8
114.0 103.72
103.0 103.86
140.0 105.16
107.0 103.88
136.0 105.6
121.0 106.94
133.0 107.98
29.0 107.84
123.0 109.08
122.0 111.1
52.0 111.5
109.0 110.46
103.0 110.72
114.0 111.62
54.0 111.74
26.0 109.92
141.0 109.6
144.0 109.96
184.0 111.6
40.0 111.2
176.0 113.28
198.0 115.64
137.0 114.92
156.0 116.62
152.0 116.12
161.0 115.92
209.0 119.14
194.0 121.88
180.0 122.36
134.0 123.1
216.0 121.72
209.0 123.78
232.0 124.52
179.0 125.58
168.0 126.96
182.0 127.06
150.0 126.14
267.0 129.18
130.0 131.04
238.0 133.6
277.0 135.36
217.0 136.14
262.0 138.76
158.0 139.84
277.0 144.64
195.0 147.84
274.0 151.34
246.0 155.34
285.0 159.42
224.0 163.56
427.0 169.82
215.0 172.06
354.0 176.34
426.0 182.72
263.0 185.26
280.0 188.44
186.0 189.5
390.0 196.72
107.0 196.4
140.0 196.76
281.0 201.34
363.0 206.42
141.0 207.18
484.0 214.58
500.0 223.5
209.0 227.16
277.0 229.88
241.0 231.82
226.0 232.66
226.0 236.38
278.0 238.42
409.0 242.64
337.0 246.64
214.0 247.8
316.0 251.08
194.0 251.74
245.0 252.46
193.0 252.44
272.0 254.28
206.0 255.72
160.0 254.6
187.0 254.16
51.0 250.54
149.0 249.94
360.0 253.78
262.0 255.38
439.0 261.16
284.0 261.5
236.0 263.62
324.0 265.34
218.0 264.16
172.0 263.26
413.0 266.28
254.0 268.2
494.0 272.54
152.0 271.68
298.0 272.16
329.0 273.82
264.0 273.4
168.0 272.28
215.0 268.04
299.0 269.72
452.0 271.68
339.0 269.94
500.0 274.68
339.0 275.86
408.0 280.3
179.0 276.08
319.0 280.32
261.0 282.74
500.0 287.12
278.0 285.42
169.0 285.98
206.0 280.42
162.0 273.66
353.0 276.54
51.0 272.02
102.0 269.24
474.0 274.2
210.0 273.88
440.0 277.12
119.0 271.32
180.0 268.18
225.0 268.4
178.0 265.64
180.0 265.36
352.0 267.5
131.0 266.26
338.0 267.58
324.0 269.94
161.0 269.96
260.0 271.42
234.0 275.08
264.0 277.38
152.0 273.22
228.0 272.54
216.0 268.08
225.0 266.9
216.0 266.5
187.0 263.76
197.0 263.34
198.0 263.86
173.0 259.06
140.0 256.78
169.0 250.28
131.0 249.86
123.0 246.36
144.0 242.66
123.0 239.84
141.0 239.3
185.0 238.7
163.0 235.98
144.0 229.82
40.0 223.84
182.0 217.48
135.0 213.4
139.0 208.02
208.0 208.6
176.0 205.74
195.0 204.42
192.0 198.26
178.0 196.26
190.0 196.68
228.0 197.12
197.0 197.82
198.0 194.72
200.0 197.7
197.0 199.6
214.0 194.4
175.0 193.7
362.0 192.14
300.0 195.76
246.0 197.08
223.0 197.04
290.0 199.28
334.0 202.36
307.0 201.46
263.0 204.1
283.0 203.0
474.0 206.0
500.0 212.78
500.0 217.58
329.0 219.48
500.0 224.2
494.0 231.04
456.0 235.6
500.0 241.28
484.0 246.46
187.0 245.88
442.0 250.98
411.0 255.26
500.0 261.3
476.0 267.36
348.0 271.52
399.0 276.12
276.0 279.02
310.0 282.76
284.0 285.56
340.0 289.9
361.0 294.3
500.0 300.6
320.0 303.74
500.0 310.86
254.0 315.14
294.0 317.38
318.0 321.04
500.0 328.26
500.0 334.1
478.0 340.14
297.0 342.18
436.0 347.06
436.0 352.22
284.0 354.1
301.0 355.56
222.0 356.06
301.0 358.12
250.0 359.12
208.0 359.34
184.0 358.74
218.0 359.6
156.0 355.48
226.0 354.0
163.0 352.34
172.0 351.32
139.0 348.3
165.0 344.92
188.0 342.54
172.0 340.72
144.0 337.94
151.0 331.48
122.0 323.92
144.0 316.8
145.0 313.12
171.0 306.54
163.0 299.92
161.0 294.02
177.0 287.56
157.0 281.02
152.0 280.32
164.0 274.76
156.0 269.66
145.0 262.56
143.0 255.9
143.0 251.8
141.0 246.64
116.0 243.44
145.0 240.14
146.0 237.38
143.0 233.44
159.0 229.4
142.0 222.24
130.0 218.44
146.0 211.36
177.0 209.82
153.0 207.0
31.0 201.26
138.0 194.02
132.0 186.66
146.0 180.02
150.0 177.08
176.0 171.88
162.0 166.4
192.0 164.56
176.0 162.06
192.0 161.46
176.0 158.96
199.0 157.94
156.0 156.9
198.0 157.18
217.0 157.16
177.0 157.58
225.0 157.56
207.0 158.44
210.0 159.2
209.0 160.6
286.0 163.02
204.0 163.34
192.0 163.74
243.0 165.72
215.0 167.0
250.0 169.56
223.0 171.14
310.0 174.44
287.0 176.76
305.0 179.6
344.0 183.26
360.0 186.92
284.0 189.46
466.0 195.74
173.0 195.92
500.0 202.8
484.0 209.58
500.0 216.72
500.0 223.86
500.0 231.04
500.0 238.72
500.0 245.82
500.0 252.9
500.0 260.04
500.0 266.86
331.0 270.64
500.0 278.04
423.0 283.58
430.0 288.64
452.0 294.62
494.0 303.88
500.0 311.12
402.0 316.52
240.0 318.4
295.0 321.3
344.0 324.66
346.0 328.34
239.0 329.28
336.0 332.48
301.0 334.66
316.0 337.46
247.0 338.42
236.0 340.02
231.0 340.68
268.0 341.7
236.0 342.88
340.0 345.18
300.0 347.04
246.0 347.76
285.0 349.28
260.0 348.76
309.0 350.86
254.0 352.1
169.0 350.62
315.0 352.62
243.0 352.48
221.0 352.44
189.0 350.02
240.0 349.08
235.0 347.68
209.0 344.98
231.0 342.4
199.0 340.7
181.0 335.0
207.0 335.68
211.0 329.9
257.0 325.36
246.0 320.28
183.0 313.94
231.0 308.56
131.0 301.18
200.0 295.18
181.0 288.8
171.0 282.22
168.0 275.58
232.0 273.6
189.0 267.38
183.0 262.58
201.0 258.0
181.0 252.58
141.0 245.52
165.0 238.82
187.0 234.52
191.0 233.54
152.0 230.68
159.0 226.98
164.0 223.34
156.0 221.68
140.0 217.76
150.0 214.74
146.0 211.34
166.0 209.72
167.0 208.34
128.0 206.28
119.0 203.3
21.0 199.0
134.0 194.88
118.0 191.24
107.0 188.46
145.0 185.66
15.0 180.76
20.0 174.98
34.0 170.58
30.0 167.8
139.0 164.28
132.0 162.06
110.0 159.84
18.0 156.42
144.0 154.5
139.0 152.58
132.0 151.04
112.0 148.66
19.0 145.06
149.0 144.42
111.0 142.5
126.0 140.8
105.0 137.76
95.0 134.74
131.0 133.7
124.0 131.56
152.0 131.98
119.0 130.36
131.0 129.36
32.0 126.58
170.0 126.62
150.0 124.98
142.0 124.04
162.0 123.62
171.0 123.02
164.0 122.68
159.0 123.04
143.0 122.6
163.0 122.12
156.0 121.42
12.0 118.62
127.0 117.98
22.0 115.14
143.0 114.88
142.0 114.92
130.0 114.52
150.0 114.6
158.0 114.44
176.0 114.62
162.0 115.3
144.0 115.8
127.0 117.92
151.0 118.26
130.0 118.5
134.0 119.04
149.0 119.12
144.0 121.7
134.0 123.98
136.0 126.02
125.0 127.92
137.0 127.88
129.0 127.82
159.0 128.8
133.0 131.1
122.0 130.66
129.0 130.46
136.0 130.54
86.0 130.02
27.0 130.18
101.0 129.22
125.0 129.5
121.0 129.4
144.0 130.18
20.0 128.68
132.0 128.7
113.0 128.48
140.0 128.24
95.0 127.76
123.0 127.6
115.0 129.26
108.0 128.02
121.0 127.44
77.0 126.14
117.0 125.24
18.0 122.18
107.0 121.04
100.0 119.86
109.0 119.18
102.0 117.96
85.0 116.54
108.0 118.46
117.0 118.26
88.0 119.58
92.0 118.56
