23.0 23.0
26.0 24.5
14.0 21.0
17.0 20.0
24.0 20.8
22.0 21.0
25.0 21.571428571428573
13.0 20.5
16.0 20.0
20.0 20.0
31.0 21.0
21.0 21.0
20.0 20.923076923076923
24.0 21.142857142857142
14.0 20.666666666666668
14.0 20.25
13.0 19.823529411764707
33.0 20.555555555555557
17.0 20.36842105263158
24.0 20.55
17.0 20.38095238095238
18.0 20.272727272727273
17.0 20.130434782608695
21.0 20.166666666666668
38.0 20.88
21.0 20.884615384615383
60.0 22.333333333333332
13.0 22.0
25.0 22.103448275862068
27.0 22.266666666666666
17.0 22.096774193548388
59.0 23.25
66.0 24.545454545454547
29.0 24.676470588235293
24.0 24.65714285714286
53.0 25.444444444444443
39.0 25.81081081081081
17.0 25.57894736842105
83.0 27.05128205128205
43.0 27.45
53.0 28.073170731707318
42.0 28.404761904761905
31.0 28.46511627906977
43.0 28.795454545454547
11.0 28.4
30.0 28.434782608695652
28.0 28.425531914893618
17.0 28.1875
41.0 28.448979591836736
28.0 28.44
20.0 28.38
15.0 28.16
44.0 28.76
46.0 29.34
64.0 30.14
26.0 30.22
55.0 30.82
35.0 31.26
109.0 33.12
21.0 33.14
46.0 33.44
150.0 36.02
64.0 36.9
53.0 37.48
38.0 37.96
34.0 38.36
41.0 38.92
48.0 39.22
57.0 40.02
66.0 40.86
31.0 41.14
47.0 41.72
50.0 42.38
67.0 43.3
61.0 43.76
55.0 44.44
53.0 44.3
43.0 44.9
114.0 46.68
66.0 47.46
186.0 50.84
56.0 50.78
27.0 50.0
59.0 50.6
96.0 52.04
79.0 52.56
76.0 53.3
54.0 54.04
86.0 54.1
128.0 55.8
74.0 56.22
161.0 58.6
270.0 63.38
230.0 67.12
445.0 75.8
268.0 80.56
159.0 83.18
130.0 85.44
161.0 87.84
139.0 90.06
224.0 94.14
148.0 96.8
269.0 101.3
134.0 103.06
209.0 105.96
208.0 109.6
48.0 109.46
171.0 112.18
146.0 112.92
59.0 113.68
126.0 115.28
55.0 113.38
170.0 115.5
236.0 119.16
103.0 120.46
182.0 123.42
42.0 123.44
83.0 124.14
118.0 125.36
117.0 126.38
115.0 128.06
79.0 128.7
130.0 130.3
69.0 130.34
333.0 135.78
113.0 136.94
349.0 142.86
500.0 152.0
233.0 154.38
147.0 156.0
264.0 157.56
297.0 162.38
179.0 165.42
171.0 167.66
123.0 168.2
313.0 172.88
175.0 174.86
166.0 177.1
205.0 179.48
260.0 182.12
252.0 185.68
439.0 191.24
141.0 188.66
151.0 187.08
241.0 183.0
107.0 179.78
132.0 179.24
125.0 179.14
241.0 180.74
150.0 180.96
313.0 182.74
287.0 185.52
192.0 183.98
232.0 185.94
141.0 184.58
113.0 182.68
144.0 184.6
123.0 183.64
225.0 185.22
130.0 186.64
265.0 189.42
138.0 191.08
101.0 189.7
134.0 187.66
167.0 188.94
183.0 188.96
104.0 190.2
149.0 191.52
127.0 191.7
129.0 191.94
156.0 192.76
56.0 192.3
104.0 191.78
97.0 192.34
120.0 188.08
168.0 189.18
248.0 187.16
128.0 179.72
248.0 180.02
46.0 178.0
110.0 174.92
119.0 171.36
56.0 168.9
127.0 168.02
124.0 168.04
233.0 166.44
266.0 168.26
154.0 168.02
316.0 170.24
87.0 166.78
202.0 165.78
205.0 161.1
141.0 161.1
150.0 161.08
353.0 163.32
371.0 168.6
94.0 167.84
190.0 169.14
155.0 167.42
160.0 167.62
278.0 166.92
407.0 169.32
162.0 168.72
500.0 174.08
283.0 176.92
129.0 177.24
296.0 180.28
291.0 183.64
286.0 184.86
262.0 187.5
247.0 187.14
279.0 189.96
320.0 194.34
164.0 194.94
168.0 194.96
203.0 195.36
98.0 195.24
156.0 195.38
184.0 196.52
148.0 196.9
289.0 199.56
189.0 202.22
204.0 204.22
212.0 206.52
440.0 212.92
204.0 213.64
365.0 215.98
500.0 223.42
314.0 224.74
470.0 233.22
500.0 241.02
347.0 245.58
500.0 254.46
500.0 261.92
378.0 267.0
500.0 272.34
500.0 277.02
500.0 283.94
500.0 287.62
500.0 295.88
500.0 301.84
458.0 306.9
205.0 308.18
303.0 311.24
500.0 314.18
386.0 314.48
478.0 322.16
317.0 324.7
500.0 331.6
500.0 338.4
500.0 342.84
485.0 344.4
292.0 347.0
500.0 347.0
500.0 351.34
500.0 358.76
417.0 361.18
418.0 363.72
500.0 368.0
500.0 372.76
366.0 375.14
500.0 379.56
500.0 383.16
450.0 388.88
500.0 395.52
304.0 397.54
500.0 405.58
151.0 405.48
120.0 404.2
500.0 411.24
500.0 415.46
146.0 414.6
500.0 420.52
352.0 423.32
308.0 420.68
500.0 426.6
500.0 429.3
290.0 425.1
275.0 424.32
360.0 422.12
386.0 419.84
400.0 420.9
103.0 412.96
500.0 412.96
362.0 412.64
465.0 411.94
324.0 408.42
411.0 406.64
500.0 406.64
257.0 401.78
172.0 395.22
434.0 394.74
374.0 398.12
500.0 402.06
500.0 402.06
500.0 404.34
500.0 404.78
500.0 408.44
500.0 408.44
500.0 408.44
500.0 408.44
500.0 408.74
500.0 412.9
443.0 411.76
500.0 411.76
500.0 411.76
500.0 413.42
500.0 415.06
500.0 415.06
500.0 415.06
500.0 417.74
244.0 412.62
500.0 412.62
500.0 413.62
424.0 412.1
500.0 416.02
290.0 411.82
238.0 413.56
371.0 418.58
335.0 415.28
399.0 413.26
458.0 419.5
207.0 413.64
375.0 414.1
312.0 414.18
358.0 411.34
257.0 406.48
217.0 405.02
227.0 404.06
219.0 401.24
349.0 400.5
303.0 398.56
291.0 402.32
465.0 401.62
483.0 404.04
417.0 403.08
374.0 404.08
270.0 401.26
277.0 396.8
248.0 396.62
447.0 402.12
500.0 403.44
500.0 405.96
500.0 405.96
415.0 404.26
500.0 404.26
442.0 403.1
224.0 397.58
293.0 393.44
194.0 387.32
224.0 381.8
255.0 376.9
165.0 370.2
193.0 365.2
196.0 359.12
172.0 352.56
222.0 347.0
234.0 341.68
218.0 336.04
195.0 329.94
146.0 322.86
219.0 322.36
219.0 316.74
175.0 310.24
138.0 304.52
264.0 299.8
195.0 297.9
255.0 298.24
172.0 294.26
217.0 291.9
220.0 288.32
218.0 283.52
241.0 284.2
230.0 281.3
302.0 281.1
432.0 282.58
500.0 287.44
500.0 293.1
500.0 298.56
500.0 304.18
500.0 307.2
500.0 311.14
500.0 315.32
500.0 316.02
500.0 316.36
500.0 318.02
500.0 320.54
500.0 325.14
500.0 329.6
500.0 334.64
500.0 335.7
500.0 335.7
500.0 335.7
500.0 335.7
500.0 337.4
253.0 332.46
254.0 328.7
500.0 334.22
500.0 338.36
500.0 344.48
409.0 348.18
500.0 353.08
441.0 358.6
500.0 364.74
500.0 370.82
500.0 377.38
500.0 382.94
500.0 388.26
500.0 393.9
500.0 400.0
481.0 406.7
249.0 407.3
228.0 407.48
190.0 407.78
186.0 408.74
268.0 408.82
198.0 408.88
214.0 408.06
170.0 408.02
235.0 408.38
225.0 408.48
207.0 408.26
224.0 407.92
181.0 406.94
220.0 405.3
220.0 401.06
206.0 395.18
242.0 390.02
221.0 384.44
385.0 382.14
402.0 380.18
235.0 374.88
355.0 371.98
500.0 371.98
488.0 371.74
500.0 371.74
500.0 371.74
500.0 371.74
500.0 371.74
500.0 371.74
500.0 371.74
500.0 371.74
500.0 371.74
500.0 371.74
500.0 371.74
500.0 376.68
500.0 381.6
500.0 381.6
272.0 377.04
500.0 377.04
238.0 373.62
213.0 367.88
500.0 369.06
500.0 369.06
500.0 369.06
421.0 367.48
391.0 365.3
500.0 365.3
255.0 360.4
173.0 353.86
384.0 351.92
325.0 353.44
422.0 357.32
428.0 362.08
500.0 368.36
500.0 373.0
382.0 376.68
496.0 382.32
500.0 388.92
500.0 394.22
294.0 395.6
172.0 394.9
457.0 399.56
500.0 405.94
323.0 408.0
500.0 413.6
500.0 419.48
500.0 424.64
330.0 426.82
500.0 429.12
413.0 429.34
500.0 434.64
395.0 435.44
390.0 433.24
500.0 433.48
348.0 430.44
347.0 427.38
500.0 427.38
500.0 427.38
471.0 426.8
500.0 426.8
500.0 426.8
500.0 426.8
500.0 426.8
303.0 422.86
500.0 422.86
500.0 422.86
346.0 419.78
343.0 421.2
500.0 421.2
500.0 426.44
500.0 432.18
500.0 432.18
118.0 424.54
500.0 424.54
500.0 426.12
500.0 428.3
500.0 428.3
500.0 433.2
500.0 439.74
500.0 442.06
500.0 445.56
500.0 447.12
500.0 448.56
500.0 448.56
500.0 448.56
500.0 450.92
500.0 451.0
432.0 449.64
500.0 449.64
500.0 453.76
500.0 460.32
500.0 461.18
500.0 461.18
500.0 464.72
500.0 464.72
500.0 464.72
500.0 464.72
500.0 468.12
500.0 468.12
500.0 469.86
500.0 469.86
500.0 471.96
500.0 474.16
500.0 474.16
500.0 477.2
500.0 480.26
500.0 480.26
500.0 480.26
500.0 480.84
450.0 479.84
500.0 479.84
500.0 479.84
500.0 479.84
500.0 483.78
500.0 483.78
500.0 483.78
309.0 483.04
500.0 486.18
500.0 486.18
449.0 485.16
312.0 481.4
500.0 481.4
199.0 483.02
500.0 483.02
500.0 483.02
500.0 483.02
500.0 483.02
500.0 483.02
500.0 483.02
500.0 483.02
500.0 483.02
500.0 483.02
500.0 483.02
500.0 483.02
500.0 483.02
359.0 480.2
164.0 473.48
500.0 474.84
181.0 468.46
500.0 468.46
500.0 468.46
224.0 462.94
500.0 462.94
500.0 462.94
401.0 460.96
420.0 459.36
158.0 452.52
500.0 452.52
500.0 452.52
385.0 450.22
500.0 450.22
500.0 450.22
260.0 445.42
485.0 445.12
239.0 439.9
269.0 435.28
500.0 435.28
360.0 432.48
500.0 432.48
500.0 433.48
500.0 433.48
500.0 433.48
500.0 433.48
500.0 433.48
467.0 432.82
500.0 432.82
500.0 436.64
500.0 436.64
500.0 436.64
