15.0 15.0
20.0 17.5
18.0 17.666666666666668
58.0 27.75
10.0 24.2
18.0 23.166666666666668
16.0 22.142857142857142
26.0 22.625
13.0 21.555555555555557
28.0 22.2
20.0 22.0
21.0 21.916666666666668
24.0 22.076923076923077
17.0 21.714285714285715
17.0 21.4
48.0 23.0625
25.0 23.176470588235293
47.0 24.5
20.0 24.263157894736842
28.0 24.45
17.0 24.095238095238095
39.0 24.772727272727273
52.0 25.956521739130434
16.0 25.541666666666668
119.0 29.28
13.0 28.653846153846153
14.0 28.11111111111111
22.0 27.892857142857142
19.0 27.586206896551722
29.0 27.633333333333333
45.0 28.193548387096776
37.0 28.46875
30.0 28.515151515151516
27.0 28.470588235294116
50.0 29.085714285714285
50.0 29.666666666666668
20.0 29.405405405405407
19.0 29.13157894736842
19.0 28.871794871794872
31.0 28.925
26.0 28.853658536585368
20.0 28.642857142857142
126.0 30.906976744186046
31.0 30.90909090909091
21.0 30.68888888888889
49.0 31.08695652173913
15.0 30.74468085106383
83.0 31.833333333333332
39.0 31.979591836734695
63.0 32.6
103.0 34.36
29.0 34.54
23.0 34.64
64.0 34.76
22.0 35.0
63.0 35.9
86.0 37.3
102.0 38.82
75.0 40.06
85.0 41.2
77.0 42.34
52.0 42.96
59.0 43.66
51.0 44.34
36.0 44.72
110.0 45.96
16.0 45.78
49.0 45.82
113.0 47.68
45.0 48.02
119.0 50.06
88.0 51.04
90.0 51.8
210.0 55.68
135.0 56.0
112.0 57.98
61.0 58.92
295.0 64.38
131.0 66.62
181.0 69.66
67.0 70.1
83.0 71.02
84.0 72.1
117.0 73.9
134.0 75.58
184.0 78.26
101.0 79.88
109.0 81.68
131.0 83.92
166.0 86.62
175.0 89.6
158.0 92.36
294.0 95.72
128.0 97.66
110.0 99.44
33.0 99.12
133.0 101.48
139.0 102.6
235.0 106.52
164.0 108.54
141.0 109.3
201.0 112.74
72.0 113.72
188.0 116.2
114.0 118.04
105.0 118.88
134.0 119.84
254.0 122.88
63.0 122.64
163.0 124.2
77.0 124.2
175.0 126.66
394.0 133.36
153.0 135.4
229.0 139.26
143.0 139.92
99.0 141.58
99.0 142.58
90.0 142.12
188.0 144.98
136.0 145.32
84.0 145.24
140.0 146.24
106.0 144.16
71.0 142.88
189.0 144.42
109.0 145.38
181.0 143.1
143.0 143.34
143.0 142.58
134.0 143.92
63.0 143.52
205.0 145.94
213.0 147.86
259.0 150.36
169.0 150.06
194.0 151.92
112.0 151.98
330.0 155.96
213.0 156.9
224.0 157.88
100.0 156.72
97.0 152.78
114.0 152.5
64.0 151.58
98.0 152.88
85.0 151.92
147.0 152.08
44.0 148.26
173.0 148.44
154.0 148.7
152.0 147.72
133.0 148.94
136.0 147.9
37.0 146.36
112.0 146.5
119.0 146.2
104.0 143.2
47.0 142.88
55.0 140.72
40.0 139.98
36.0 137.2
134.0 132.0
114.0 131.22
53.0 127.7
122.0 127.28
29.0 125.88
148.0 126.86
114.0 127.34
118.0 125.94
156.0 126.34
145.0 127.56
140.0 127.56
139.0 128.22
127.0 129.34
150.0 128.56
162.0 129.62
164.0 129.28
225.0 130.92
173.0 131.52
211.0 133.06
245.0 136.7
273.0 138.06
310.0 140.0
294.0 140.7
279.0 142.9
277.0 144.56
281.0 147.94
255.0 146.44
242.0 147.02
150.0 145.54
175.0 147.04
153.0 148.16
178.0 149.44
134.0 150.84
58.0 150.04
115.0 150.64
124.0 150.18
87.0 151.04
21.0 148.0
44.0 145.8
123.0 145.22
161.0 145.78
185.0 146.76
138.0 148.78
136.0 149.26
61.0 148.1
172.0 149.46
118.0 150.88
159.0 152.96
35.0 152.86
24.0 152.62
189.0 153.72
146.0 154.36
177.0 156.84
158.0 157.56
184.0 160.66
128.0 160.26
168.0 161.34
203.0 163.04
161.0 163.14
208.0 164.4
142.0 164.44
170.0 165.06
242.0 167.36
137.0 167.1
203.0 167.92
181.0 168.26
162.0 167.0
320.0 169.94
213.0 169.98
171.0 168.5
264.0 168.32
260.0 167.32
248.0 166.4
122.0 163.26
231.0 162.34
337.0 163.46
267.0 163.7
326.0 165.38
327.0 168.92
317.0 171.76
263.0 173.96
156.0 173.52
269.0 176.22
346.0 181.98
329.0 186.26
139.0 186.56
229.0 189.4
361.0 196.2
385.0 203.02
500.0 210.56
306.0 213.46
500.0 219.76
439.0 225.78
269.0 228.44
430.0 235.82
500.0 242.38
254.0 245.1
500.0 251.92
143.0 254.08
369.0 260.98
500.0 267.2
173.0 267.74
158.0 267.36
68.0 265.56
332.0 268.52
229.0 270.54
364.0 274.46
234.0 275.08
394.0 279.74
293.0 281.44
238.0 283.36
500.0 289.96
500.0 295.12
500.0 302.38
500.0 308.32
261.0 309.92
449.0 315.66
377.0 316.8
121.0 314.96
500.0 321.54
500.0 326.26
419.0 329.44
405.0 332.58
474.0 339.62
267.0 340.34
500.0 343.6
500.0 348.26
236.0 346.46
500.0 349.92
500.0 353.58
500.0 358.32
500.0 365.2
328.0 366.38
166.0 362.78
452.0 365.24
500.0 372.46
500.0 377.88
500.0 380.66
446.0 381.88
403.0 379.94
456.0 382.94
349.0 379.92
235.0 375.84
220.0 374.86
223.0 370.72
195.0 364.62
183.0 363.2
115.0 355.5
130.0 355.24
108.0 350.02
122.0 342.46
105.0 341.1
146.0 340.86
144.0 342.38
33.0 336.4
143.0 334.68
152.0 330.44
153.0 328.82
144.0 323.82
149.0 320.94
145.0 319.08
119.0 311.46
186.0 305.18
179.0 298.76
166.0 292.08
193.0 290.72
178.0 285.3
149.0 280.74
177.0 281.86
178.0 275.42
176.0 268.94
154.0 263.64
168.0 258.9
159.0 252.6
172.0 250.7
168.0 244.06
210.0 238.26
149.0 236.52
154.0 229.6
137.0 222.34
145.0 215.24
163.0 208.5
156.0 205.06
166.0 205.06
180.0 199.62
137.0 192.36
175.0 185.86
183.0 179.52
233.0 175.26
263.0 172.46
288.0 169.1
413.0 170.38
230.0 170.28
328.0 172.44
387.0 175.72
500.0 181.82
489.0 187.94
500.0 195.64
500.0 203.04
500.0 210.88
500.0 218.44
207.0 220.48
500.0 227.56
500.0 234.68
500.0 244.02
500.0 251.16
500.0 258.12
124.0 257.54
500.0 264.66
238.0 266.44
500.0 273.54
500.0 281.16
300.0 283.44
500.0 289.86
500.0 296.54
500.0 302.68
500.0 309.12
500.0 316.14
500.0 322.6
500.0 329.04
500.0 335.52
452.0 341.48
482.0 347.76
164.0 347.86
448.0 353.38
322.0 356.46
471.0 361.68
374.0 366.18
449.0 372.08
461.0 378.56
500.0 385.66
500.0 392.4
500.0 399.28
500.0 405.96
500.0 412.36
316.0 415.94
500.0 422.44
500.0 428.78
378.0 431.68
452.0 435.46
258.0 434.86
179.0 430.18
500.0 435.58
223.0 433.48
466.0 435.06
206.0 429.18
398.0 427.36
281.0 422.98
362.0 420.22
264.0 415.5
332.0 412.14
270.0 413.4
320.0 409.8
383.0 407.46
295.0 403.36
240.0 398.16
202.0 392.2
195.0 393.62
198.0 387.58
176.0 386.34
186.0 380.06
185.0 373.76
182.0 371.4
169.0 364.78
176.0 358.3
203.0 352.36
197.0 346.3
187.0 340.04
192.0 333.88
170.0 327.28
165.0 320.58
157.0 314.68
156.0 308.16
157.0 308.02
144.0 301.94
149.0 298.48
136.0 291.78
157.0 287.44
146.0 281.38
130.0 274.76
136.0 267.48
141.0 260.3
138.0 253.06
142.0 245.9
117.0 238.24
130.0 234.52
141.0 227.34
126.0 219.86
123.0 214.76
142.0 208.56
167.0 206.74
152.0 206.2
138.0 198.96
138.0 197.26
141.0 190.76
152.0 189.68
174.0 185.2
163.0 182.84
179.0 179.18
171.0 177.32
152.0 173.72
164.0 171.6
174.0 168.68
145.0 163.92
180.0 161.62
200.0 160.82
167.0 160.12
174.0 159.7
196.0 159.66
183.0 159.8
223.0 160.54
229.0 161.42
191.0 161.6
207.0 162.36
192.0 162.68
205.0 162.72
204.0 162.86
178.0 162.68
183.0 162.5
174.0 162.58
185.0 162.98
162.0 163.08
169.0 163.34
170.0 163.6
167.0 164.06
168.0 164.44
179.0 165.3
155.0 165.26
143.0 165.2
155.0 165.7
169.0 166.36
166.0 166.86
171.0 167.52
173.0 168.14
174.0 169.28
170.0 170.08
153.0 170.32
185.0 171.5
157.0 172.18
180.0 172.94
36.0 170.32
132.0 169.92
150.0 170.16
156.0 170.52
125.0 170.2
157.0 170.3
202.0 170.86
183.0 171.26
196.0 171.6
217.0 172.52
202.0 173.52
214.0 174.52
210.0 175.24
287.0 178.08
180.0 178.08
326.0 180.6
428.0 185.82
325.0 188.84
481.0 194.54
500.0 200.88
234.0 201.1
160.0 199.72
280.0 201.5
341.0 204.18
432.0 208.98
500.0 214.88
215.0 215.1
500.0 221.54
153.0 220.94
388.0 225.22
221.0 225.94
390.0 230.5
307.0 233.26
500.0 239.86
96.0 238.44
363.0 242.34
379.0 246.34
212.0 247.48
344.0 251.5
349.0 255.38
356.0 259.12
453.0 264.86
485.0 271.14
455.0 276.78
314.0 279.58
500.0 286.18
377.0 290.66
492.0 296.8
364.0 300.94
326.0 303.86
454.0 312.22
234.0 314.26
265.0 316.56
234.0 318.12
207.0 319.76
196.0 320.54
210.0 320.7
159.0 320.22
184.0 319.98
179.0 319.22
181.0 318.8
162.0 317.76
177.0 317.1
187.0 315.1
165.0 314.8
159.0 311.46
157.0 306.04
151.0 302.56
151.0 295.96
153.0 289.02
166.0 287.66
130.0 287.06
130.0 284.06
120.0 279.64
123.0 273.46
132.0 266.1
142.0 264.64
143.0 257.5
135.0 257.14
119.0 251.76
145.0 250.24
127.0 244.98
152.0 241.88
132.0 234.52
126.0 235.12
129.0 230.44
136.0 225.58
145.0 224.24
142.0 220.2
150.0 216.22
153.0 212.16
158.0 206.26
154.0 199.64
38.0 191.3
30.0 185.62
191.0 179.44
152.0 174.94
192.0 168.94
