13.0 13.0
15.0 14.0
14.0 14.0
17.0 14.75
13.0 14.4
18.0 15.0
46.0 19.428571428571427
16.0 19.0
42.0 21.555555555555557
14.0 20.8
14.0 20.181818181818183
9.0 19.25
34.0 20.384615384615383
11.0 19.714285714285715
14.0 19.333333333333332
25.0 19.6875
21.0 19.764705882352942
20.0 19.77777777777778
26.0 20.105263157894736
20.0 20.1
24.0 20.285714285714285
10.0 19.818181818181817
48.0 21.043478260869566
96.0 24.166666666666668
32.0 24.48
17.0 24.192307692307693
23.0 24.14814814814815
25.0 24.178571428571427
24.0 24.17241379310345
18.0 23.966666666666665
25.0 24.0
38.0 24.4375
16.0 24.181818181818183
48.0 24.88235294117647
75.0 26.314285714285713
37.0 26.61111111111111
40.0 26.972972972972972
24.0 26.894736842105264
28.0 26.923076923076923
54.0 27.6
42.0 27.951219512195124
104.0 29.761904761904763
77.0 30.86046511627907
49.0 31.272727272727273
39.0 31.444444444444443
34.0 31.5
15.0 31.148936170212767
62.0 31.791666666666668
51.0 32.183673469387756
51.0 32.56
22.0 32.74
74.0 33.92
30.0 34.24
58.0 35.06
26.0 35.32
57.0 36.1
47.0 36.12
57.0 36.94
62.0 37.34
123.0 39.52
106.0 41.36
78.0 42.74
52.0 43.1
64.0 44.16
66.0 45.2
93.0 46.56
53.0 47.2
41.0 47.62
128.0 49.66
78.0 50.82
79.0 51.92
118.0 54.08
224.0 57.6
117.0 58.02
52.0 58.42
51.0 59.1
51.0 59.66
158.0 62.32
128.0 64.4
129.0 66.62
131.0 68.74
150.0 70.98
163.0 73.92
82.0 74.6
177.0 76.64
231.0 80.52
191.0 83.54
119.0 85.44
138.0 87.64
122.0 89.0
168.0 91.52
112.0 91.68
114.0 92.42
78.0 93.0
106.0 94.34
44.0 94.54
22.0 94.68
178.0 97.0
126.0 98.5
134.0 100.16
30.0 100.32
131.0 101.46
130.0 103.46
244.0 107.18
169.0 110.04
146.0 111.82
236.0 115.6
234.0 119.14
83.0 119.56
340.0 123.9
197.0 125.72
123.0 126.62
108.0 127.74
203.0 130.52
453.0 138.26
282.0 142.04
500.0 150.98
217.0 154.5
65.0 153.24
289.0 157.46
205.0 159.98
128.0 160.18
104.0 157.78
268.0 160.8
177.0 163.3
301.0 168.3
209.0 171.46
293.0 174.16
176.0 175.12
143.0 175.4
266.0 178.1
183.0 178.76
187.0 179.24
207.0 181.74
177.0 181.74
262.0 182.36
216.0 182.86
189.0 184.26
348.0 188.46
319.0 192.4
166.0 192.36
226.0 194.64
322.0 198.8
177.0 200.78
227.0 203.2
274.0 207.8
252.0 212.4
174.0 212.32
147.0 212.74
157.0 213.2
25.0 213.1
159.0 213.66
184.0 214.74
232.0 214.5
224.0 215.6
194.0 216.56
154.0 214.92
195.0 214.14
482.0 222.12
271.0 220.74
269.0 222.18
189.0 223.5
228.0 225.9
142.0 224.68
257.0 220.76
192.0 218.96
225.0 213.46
210.0 213.32
172.0 215.46
296.0 215.6
320.0 217.9
299.0 221.32
299.0 225.22
354.0 226.94
327.0 229.94
390.0 231.72
344.0 234.42
247.0 233.5
153.0 233.04
471.0 239.6
385.0 241.98
370.0 245.72
162.0 245.22
323.0 247.54
310.0 250.2
332.0 251.6
256.0 252.4
385.0 256.32
192.0 253.2
238.0 251.58
251.0 253.28
116.0 251.08
139.0 247.42
316.0 250.2
178.0 249.22
262.0 248.98
147.0 246.88
296.0 249.32
291.0 252.2
272.0 254.5
283.0 259.66
251.0 261.5
167.0 261.16
243.0 261.38
203.0 260.96
198.0 261.04
135.0 260.66
38.0 257.52
262.0 253.12
181.0 251.32
307.0 252.08
161.0 251.52
94.0 248.84
242.0 250.84
205.0 249.8
314.0 252.24
147.0 250.68
234.0 251.16
366.0 255.04
245.0 254.02
403.0 255.68
356.0 256.82
500.0 260.84
147.0 256.7
500.0 260.16
388.0 260.12
500.0 263.24
430.0 266.9
284.0 269.52
126.0 262.62
492.0 264.76
453.0 266.42
461.0 272.4
334.0 272.62
500.0 276.42
403.0 277.84
500.0 282.72
500.0 285.02
378.0 288.74
500.0 293.98
500.0 298.96
500.0 306.64
269.0 309.24
215.0 307.22
274.0 309.14
369.0 311.28
230.0 312.94
500.0 317.02
500.0 321.2
432.0 324.4
500.0 328.74
500.0 333.72
500.0 340.38
500.0 345.52
201.0 345.48
449.0 350.5
322.0 354.24
257.0 358.62
276.0 358.9
232.0 359.92
216.0 358.1
217.0 359.22
234.0 362.02
242.0 362.02
164.0 361.2
135.0 357.62
202.0 358.72
152.0 357.08
157.0 352.9
151.0 351.02
209.0 347.14
202.0 344.06
180.0 337.66
42.0 335.56
133.0 328.22
112.0 322.7
112.0 314.94
73.0 307.8
106.0 304.24
134.0 304.4
135.0 297.26
102.0 290.24
142.0 283.86
116.0 279.5
116.0 271.82
125.0 266.26
150.0 259.26
142.0 252.1
139.0 247.32
126.0 239.84
127.0 232.38
129.0 224.96
154.0 222.66
123.0 220.82
168.0 218.7
113.0 213.58
130.0 211.58
129.0 204.16
142.0 197.0
155.0 191.46
124.0 183.94
150.0 176.94
174.0 170.42
197.0 164.36
174.0 163.82
173.0 158.3
182.0 155.5
178.0 153.92
218.0 152.76
208.0 152.28
218.0 152.32
233.0 152.64
296.0 153.88
243.0 153.9
285.0 156.32
353.0 160.68
472.0 166.08
432.0 171.68
500.0 178.54
500.0 185.52
500.0 191.34
500.0 197.3
500.0 203.7
500.0 212.86
500.0 220.2
500.0 227.96
500.0 235.72
500.0 244.26
500.0 252.14
500.0 259.46
500.0 266.76
500.0 274.72
500.0 281.88
500.0 289.56
500.0 297.24
500.0 304.74
500.0 311.74
500.0 318.9
500.0 326.12
500.0 333.6
440.0 339.86
500.0 347.28
500.0 354.2
421.0 360.16
500.0 366.8
500.0 374.54
500.0 381.94
500.0 389.36
500.0 396.52
500.0 403.42
500.0 410.94
500.0 417.94
500.0 424.46
500.0 430.52
500.0 437.04
500.0 443.58
500.0 449.94
500.0 456.38
500.0 462.02
500.0 467.86
500.0 473.5
500.0 478.84
500.0 482.92
500.0 488.06
500.0 492.36
500.0 495.3
500.0 495.86
500.0 497.22
500.0 497.22
500.0 497.22
500.0 497.22
500.0 497.22
500.0 497.22
500.0 497.22
500.0 497.22
500.0 497.22
500.0 497.22
500.0 497.22
500.0 497.22
500.0 497.22
500.0 497.22
500.0 497.22
500.0 497.22
500.0 497.22
500.0 497.22
500.0 497.22
500.0 497.22
500.0 497.22
500.0 497.22
500.0 497.22
500.0 498.42
500.0 498.42
500.0 498.42
500.0 500.0
479.0 499.58
333.0 496.24
472.0 495.68
500.0 495.68
500.0 495.68
500.0 495.68
500.0 495.68
500.0 495.68
500.0 495.68
500.0 495.68
500.0 495.68
454.0 494.76
500.0 494.76
500.0 494.76
500.0 494.76
500.0 494.76
500.0 494.76
500.0 494.76
500.0 494.76
500.0 494.76
500.0 494.76
500.0 494.76
500.0 494.76
500.0 494.76
500.0 494.76
500.0 494.76
500.0 494.76
500.0 494.76
500.0 494.76
500.0 494.76
500.0 494.76
500.0 494.76
500.0 494.76
500.0 494.76
500.0 494.76
500.0 494.76
500.0 494.76
500.0 494.76
500.0 494.76
500.0 494.76
500.0 494.76
500.0 494.76
500.0 494.76
500.0 494.76
500.0 494.76
500.0 494.76
500.0 494.76
500.0 494.76
500.0 494.76
500.0 494.76
306.0 491.3
500.0 494.64
439.0 493.98
444.0 492.86
449.0 491.84
295.0 487.74
500.0 487.74
500.0 487.74
500.0 487.74
500.0 487.74
500.0 487.74
500.0 488.66
500.0 488.66
500.0 488.66
500.0 488.66
500.0 488.66
500.0 488.66
500.0 488.66
500.0 488.66
500.0 488.66
500.0 488.66
500.0 488.66
500.0 488.66
500.0 488.66
500.0 488.66
500.0 488.66
500.0 488.66
500.0 488.66
500.0 488.66
500.0 488.66
500.0 488.66
500.0 488.66
352.0 485.7
500.0 485.7
500.0 485.7
500.0 485.7
500.0 485.7
500.0 485.7
500.0 485.7
500.0 485.7
500.0 485.7
500.0 485.7
500.0 485.7
500.0 485.7
500.0 485.7
500.0 485.7
500.0 485.7
500.0 485.7
500.0 485.7
500.0 485.7
500.0 489.58
500.0 489.58
500.0 490.8
500.0 491.92
500.0 492.94
500.0 497.04
500.0 497.04
500.0 497.04
500.0 497.04
500.0 497.04
348.0 494.0
403.0 492.06
335.0 488.76
334.0 485.44
335.0 482.14
272.0 477.58
378.0 475.14
357.0 472.28
321.0 468.7
363.0 465.96
437.0 464.7
320.0 461.1
326.0 457.62
436.0 456.34
451.0 455.36
293.0 451.22
381.0 448.84
316.0 445.16
331.0 441.78
393.0 439.64
394.0 437.52
419.0 435.9
312.0 435.1
428.0 433.66
500.0 433.66
348.0 430.62
409.0 428.8
399.0 426.78
250.0 421.78
349.0 418.76
245.0 413.66
302.0 409.7
283.0 405.36
242.0 400.2
238.0 394.96
225.0 389.46
288.0 385.22
294.0 381.1
296.0 377.02
336.0 373.74
299.0 369.72
293.0 365.58
367.0 362.92
368.0 360.28
500.0 360.28
500.0 360.28
457.0 359.42
500.0 359.42
500.0 359.42
500.0 359.42
500.0 362.46
500.0 364.4
500.0 367.7
500.0 371.02
500.0 374.32
500.0 378.88
500.0 381.32
419.0 382.56
500.0 386.14
500.0 388.88
500.0 390.14
500.0 393.74
500.0 397.22
500.0 398.5
500.0 399.48
500.0 403.62
500.0 406.0
500.0 409.68
500.0 413.06
500.0 415.2
500.0 417.32
500.0 418.94
500.0 422.7
500.0 424.14
500.0 424.14
500.0 427.18
500.0 429.0
500.0 431.02
500.0 436.02
500.0 439.04
500.0 444.14
500.0 448.1
500.0 452.44
500.0 457.6
500.0 462.84
500.0 468.34
179.0 466.16
500.0 470.28
500.0 474.36
413.0 475.9
500.0 479.92
500.0 484.06
234.0 481.4
438.0 482.8
360.0 480.0
500.0 480.0
