20.0 20.0
37.0 28.5
20.0 25.666666666666668
13.0 22.5
49.0 27.8
31.0 28.333333333333332
17.0 26.714285714285715
11.0 24.75
49.0 27.444444444444443
11.0 25.8
21.0 25.363636363636363
17.0 24.666666666666668
13.0 23.76923076923077
53.0 25.857142857142858
18.0 25.333333333333332
47.0 26.6875
11.0 25.764705882352942
27.0 25.833333333333332
21.0 25.57894736842105
25.0 25.55
10.0 24.80952380952381
20.0 24.59090909090909
29.0 24.782608695652176
52.0 25.916666666666668
25.0 25.88
67.0 27.46153846153846
14.0 26.962962962962962
37.0 27.321428571428573
24.0 27.20689655172414
18.0 26.9
34.0 27.129032258064516
32.0 27.28125
18.0 27.0
39.0 27.352941176470587
37.0 27.62857142857143
29.0 27.666666666666668
21.0 27.486486486486488
62.0 28.394736842105264
28.0 28.384615384615383
17.0 28.1
56.0 28.78048780487805
49.0 29.261904761904763
25.0 29.162790697674417
63.0 29.931818181818183
19.0 29.68888888888889
71.0 30.58695652173913
20.0 30.361702127659573
46.0 30.6875
20.0 30.46938775510204
32.0 30.5
14.0 30.38
63.0 30.9
14.0 30.78
28.0 31.08
112.0 32.34
22.0 32.16
13.0 32.08
15.0 32.16
25.0 31.68
47.0 32.4
20.0 32.38
15.0 32.34
19.0 32.46
10.0 31.6
22.0 31.68
37.0 31.48
18.0 31.62
18.0 31.44
19.0 31.4
13.0 31.16
25.0 31.46
10.0 31.26
12.0 30.92
21.0 30.3
26.0 30.32
20.0 29.38
21.0 29.52
17.0 29.12
13.0 28.9
11.0 28.76
15.0 28.38
33.0 28.4
13.0 28.3
15.0 27.82
17.0 27.42
15.0 27.14
15.0 27.02
72.0 27.22
23.0 27.12
32.0 27.42
17.0 26.64
12.0 25.9
12.0 25.64
54.0 25.46
31.0 25.7
31.0 24.9
77.0 26.04
47.0 26.06
10.0 25.86
42.0 26.06
12.0 26.02
19.0 25.14
26.0 25.38
52.0 25.86
27.0 24.16
14.0 24.0
30.0 24.34
21.0 24.46
71.0 25.38
42.0 25.28
119.0 27.26
104.0 29.04
47.0 29.6
40.0 30.2
62.0 31.0
172.0 33.7
46.0 34.26
85.0 35.6
92.0 37.06
56.0 37.92
52.0 38.46
97.0 40.2
91.0 41.78
52.0 42.4
48.0 42.84
164.0 45.72
76.0 46.82
79.0 48.06
134.0 50.48
193.0 54.12
20.0 54.22
99.0 55.54
131.0 57.9
150.0 60.6
111.0 62.48
46.0 63.1
68.0 64.16
48.0 63.68
174.0 66.7
111.0 68.28
45.0 68.84
100.0 70.6
75.0 71.86
76.0 72.3
198.0 75.64
91.0 76.84
72.0 76.74
104.0 77.88
106.0 79.8
127.0 81.5
87.0 83.0
77.0 84.16
82.0 85.28
99.0 86.22
99.0 87.66
104.0 89.46
21.0 89.28
35.0 89.56
154.0 91.22
96.0 92.3
112.0 92.16
92.0 91.92
177.0 94.52
58.0 94.88
42.0 94.48
146.0 93.96
121.0 95.46
139.0 96.54
110.0 96.9
60.0 96.98
43.0 96.8
125.0 97.36
139.0 98.32
132.0 99.92
135.0 101.66
157.0 101.52
144.0 102.88
195.0 105.2
94.0 104.4
211.0 104.76
211.0 108.58
207.0 110.74
269.0 113.5
339.0 117.28
244.0 119.94
293.0 124.88
215.0 127.82
83.0 128.52
134.0 127.72
78.0 127.06
179.0 129.74
196.0 131.66
180.0 133.76
198.0 136.2
140.0 135.04
78.0 134.78
150.0 136.34
179.0 137.84
308.0 141.88
200.0 143.34
60.0 142.8
296.0 147.18
233.0 150.2
216.0 152.54
327.0 157.1
246.0 159.94
175.0 163.02
279.0 167.9
223.0 169.28
197.0 171.3
128.0 171.62
226.0 174.3
125.0 173.26
161.0 175.32
234.0 179.16
133.0 178.9
166.0 179.8
124.0 179.5
131.0 179.92
135.0 181.42
149.0 183.54
147.0 183.98
48.0 182.16
139.0 182.3
154.0 182.68
207.0 183.68
186.0 184.52
205.0 184.72
401.0 190.86
289.0 192.42
264.0 193.48
257.0 194.48
448.0 198.06
264.0 196.56
261.0 196.9
290.0 196.84
177.0 196.08
340.0 201.22
334.0 205.22
226.0 208.18
196.0 208.52
250.0 209.6
443.0 214.86
314.0 217.18
217.0 218.72
350.0 224.16
427.0 229.7
336.0 232.84
273.0 232.14
157.0 231.28
480.0 239.68
340.0 240.56
500.0 245.9
500.0 251.58
463.0 254.3
136.0 252.1
78.0 250.16
419.0 252.96
437.0 257.24
500.0 263.3
250.0 265.74
500.0 271.22
102.0 270.76
247.0 272.48
388.0 275.56
500.0 282.9
274.0 285.06
216.0 286.9
263.0 289.54
500.0 296.84
315.0 300.16
325.0 303.72
500.0 312.76
500.0 319.98
297.0 322.84
175.0 322.2
165.0 321.78
136.0 320.4
360.0 319.58
249.0 318.78
191.0 317.32
220.0 316.58
278.0 313.18
213.0 312.16
322.0 313.38
311.0 313.8
390.0 318.06
500.0 321.26
500.0 324.58
231.0 324.68
290.0 326.56
416.0 329.88
140.0 323.82
252.0 322.58
316.0 324.56
279.0 323.14
270.0 320.0
462.0 322.52
76.0 318.58
426.0 323.96
456.0 323.48
292.0 322.52
335.0 319.22
115.0 311.52
500.0 312.26
404.0 317.62
197.0 320.0
324.0 318.1
500.0 319.36
500.0 319.36
500.0 324.36
491.0 324.18
446.0 331.06
164.0 329.4
500.0 331.64
500.0 331.64
500.0 336.16
500.0 341.84
483.0 346.24
88.0 338.0
500.0 341.7
244.0 340.08
86.0 331.8
434.0 330.48
178.0 328.1
500.0 334.6
500.0 341.3
473.0 348.04
468.0 350.2
500.0 355.22
351.0 358.42
416.0 362.34
421.0 365.2
320.0 367.34
264.0 366.18
274.0 365.44
277.0 363.18
250.0 358.18
445.0 357.08
296.0 358.38
308.0 358.74
458.0 359.58
500.0 366.78
500.0 371.74
286.0 371.14
500.0 375.56
500.0 380.16
500.0 380.92
155.0 382.5
500.0 383.98
500.0 384.86
500.0 389.02
382.0 389.96
424.0 396.14
500.0 396.14
500.0 398.06
420.0 402.52
126.0 398.56
500.0 398.56
500.0 398.56
67.0 389.9
500.0 390.08
500.0 391.16
500.0 397.88
500.0 397.88
500.0 397.88
389.0 395.66
500.0 395.66
500.0 396.0
500.0 404.24
500.0 404.24
500.0 409.36
500.0 417.64
500.0 418.96
500.0 425.4
399.0 423.38
391.0 421.2
287.0 417.48
252.0 413.16
261.0 408.38
256.0 406.48
195.0 402.06
207.0 397.78
200.0 395.38
168.0 393.46
220.0 392.38
204.0 390.92
135.0 388.62
201.0 383.74
170.0 381.22
160.0 378.26
181.0 372.72
147.0 365.66
152.0 358.7
115.0 355.28
60.0 346.48
111.0 338.7
124.0 331.18
116.0 330.4
108.0 322.56
128.0 315.12
131.0 307.74
151.0 303.12
127.0 297.18
127.0 289.72
138.0 282.48
29.0 274.66
126.0 274.66
112.0 266.9
97.0 258.84
98.0 259.46
138.0 252.22
134.0 244.9
99.0 236.88
126.0 229.4
112.0 221.64
187.0 217.6
191.0 211.42
151.0 204.44
179.0 198.02
156.0 191.14
155.0 184.24
151.0 177.26
153.0 170.32
162.0 163.56
153.0 158.64
167.0 154.16
198.0 152.38
147.0 150.28
205.0 149.16
190.0 147.84
210.0 148.14
194.0 147.88
246.0 148.8
237.0 150.18
214.0 150.06
224.0 150.46
196.0 151.68
260.0 152.86
247.0 154.4
332.0 157.84
263.0 159.48
343.0 163.4
330.0 166.96
374.0 172.14
70.0 172.34
40.0 170.92
229.0 173.02
215.0 175.0
489.0 182.62
500.0 190.06
500.0 197.44
500.0 204.42
500.0 211.88
500.0 219.34
304.0 222.66
500.0 232.08
500.0 239.56
336.0 244.04
500.0 252.1
500.0 260.14
195.0 261.28
500.0 268.6
330.0 273.22
500.0 280.7
253.0 283.52
305.0 285.88
370.0 289.46
98.0 288.4
216.0 289.14
196.0 289.94
463.0 296.1
471.0 302.5
500.0 309.44
500.0 316.2
500.0 323.14
203.0 323.86
273.0 325.36
186.0 326.14
224.0 326.52
236.0 327.44
281.0 328.86
367.0 332.32
242.0 332.24
259.0 332.68
251.0 333.42
353.0 336.0
197.0 336.02
286.0 336.54
278.0 337.16
401.0 338.54
321.0 339.7
393.0 340.7
283.0 339.76
317.0 338.62
405.0 345.32
398.0 352.48
338.0 354.66
439.0 359.14
414.0 357.64
445.0 356.54
500.0 356.54
500.0 356.54
381.0 354.16
500.0 354.16
500.0 358.08
500.0 358.08
500.0 358.08
474.0 360.84
500.0 360.84
406.0 358.96
292.0 360.9
188.0 354.66
220.0 352.46
218.0 346.82
240.0 346.56
230.0 345.06
163.0 340.92
131.0 341.58
140.0 340.06
165.0 339.44
132.0 332.82
125.0 325.9
109.0 318.08
138.0 310.84
119.0 303.22
124.0 301.64
82.0 297.82
109.0 296.28
130.0 294.4
116.0 292.0
104.0 288.46
159.0 284.3
114.0 281.74
114.0 278.84
150.0 276.82
159.0 272.94
144.0 271.88
216.0 270.48
188.0 268.68
187.0 264.4
210.0 262.18
167.0 257.66
156.0 255.12
168.0 252.14
170.0 247.44
137.0 242.22
151.0 238.48
147.0 232.64
143.0 227.22
145.0 221.22
120.0 213.62
150.0 206.62
126.0 201.52
133.0 194.18
145.0 187.08
144.0 179.96
153.0 173.02
202.0 167.58
131.0 160.2
129.0 154.66
153.0 151.88
170.0 151.52
205.0 151.22
193.0 150.72
173.0 149.38
170.0 148.18
226.0 149.44
196.0 150.74
256.0 153.06
235.0 154.46
273.0 157.28
370.0 162.18
279.0 165.58
402.0 170.86
500.0 178.48
500.0 186.0
500.0 194.36
500.0 202.18
500.0 209.58
500.0 217.26
500.0 225.18
500.0 232.0
500.0 239.72
500.0 247.44
500.0 254.44
500.0 261.26
500.0 268.38
500.0 274.06
384.0 277.98
500.0 284.24
500.0 290.04
500.0 296.7
500.0 303.58
500.0 310.22
500.0 316.82
500.0 324.08
500.0 331.06
500.0 338.12
500.0 345.26
