15.0 15.0
14.0 14.5
18.0 15.666666666666666
18.0 16.25
11.0 15.2
19.0 15.833333333333334
10.0 15.0
29.0 16.75
39.0 19.22222222222222
29.0 20.2
68.0 24.545454545454547
30.0 25.0
13.0 24.076923076923077
18.0 23.642857142857142
14.0 23.0
21.0 22.875
16.0 22.470588235294116
32.0 23.0
9.0 22.263157894736842
18.0 22.05
24.0 22.142857142857142
32.0 22.59090909090909
13.0 22.17391304347826
19.0 22.041666666666668
16.0 21.8
20.0 21.73076923076923
13.0 21.40740740740741
15.0 21.178571428571427
28.0 21.413793103448278
27.0 21.6
29.0 21.838709677419356
11.0 21.5
9.0 21.12121212121212
14.0 20.91176470588235
24.0 21.0
18.0 20.916666666666668
9.0 20.594594594594593
10.0 20.31578947368421
14.0 20.153846153846153
19.0 20.125
12.0 19.926829268292682
21.0 19.952380952380953
19.0 19.930232558139537
15.0 19.818181818181817
20.0 19.822222222222223
13.0 19.67391304347826
9.0 19.4468085106383
24.0 19.541666666666668
14.0 19.428571428571427
13.0 19.3
21.0 19.42
26.0 19.66
13.0 19.56
30.0 19.8
23.0 20.04
9.0 19.84
19.0 20.02
22.0 19.88
33.0 19.76
11.0 19.4
19.0 18.42
45.0 18.72
31.0 19.08
51.0 19.74
11.0 19.68
17.0 19.6
28.0 19.84
13.0 19.46
34.0 19.96
14.0 19.88
14.0 19.68
23.0 19.5
20.0 19.64
16.0 19.58
16.0 19.58
12.0 19.42
10.0 19.36
27.0 19.6
19.0 19.42
21.0 19.3
28.0 19.28
20.0 19.46
18.0 19.64
13.0 19.62
19.0 19.52
28.0 19.72
12.0 19.78
17.0 19.92
26.0 20.16
19.0 20.16
21.0 20.34
18.0 20.28
29.0 20.48
13.0 20.44
28.0 20.6
30.0 20.94
43.0 21.62
54.0 22.22
55.0 23.04
29.0 23.36
32.0 23.58
49.0 24.04
22.0 24.22
25.0 24.12
34.0 24.34
36.0 24.88
50.0 25.5
33.0 25.72
60.0 26.26
38.0 26.8
54.0 27.5
63.0 27.86
22.0 27.68
66.0 27.98
95.0 29.66
20.0 29.72
119.0 31.54
47.0 32.22
51.0 32.56
33.0 32.94
49.0 33.64
42.0 34.02
33.0 34.28
36.0 34.68
18.0 34.72
54.0 35.56
15.0 35.66
18.0 35.48
47.0 36.04
88.0 37.38
56.0 37.94
67.0 38.88
33.0 39.18
45.0 39.82
67.0 40.78
61.0 41.44
48.0 42.16
37.0 42.56
37.0 42.78
53.0 43.46
43.0 43.9
34.0 44.22
226.0 48.16
49.0 48.88
39.0 49.1
98.0 50.46
88.0 51.36
100.0 52.28
93.0 53.04
35.0 53.16
84.0 54.2
109.0 55.4
111.0 57.18
156.0 59.8
46.0 60.04
63.0 60.58
139.0 62.36
177.0 65.24
128.0 66.6
30.0 66.44
139.0 68.14
257.0 72.02
45.0 72.48
114.0 73.44
248.0 76.5
131.0 78.72
111.0 78.56
235.0 82.32
96.0 83.22
162.0 85.8
176.0 88.34
56.0 88.62
26.0 88.48
110.0 89.96
36.0 90.32
70.0 90.64
82.0 91.98
55.0 92.72
138.0 94.54
133.0 95.44
230.0 98.92
184.0 101.26
86.0 102.32
134.0 104.1
110.0 104.96
97.0 105.68
187.0 108.46
169.0 111.1
162.0 113.6
201.0 116.56
123.0 118.16
167.0 120.82
160.0 119.5
163.0 121.78
173.0 124.46
128.0 125.06
138.0 126.06
262.0 129.3
21.0 127.86
146.0 130.08
37.0 129.14
131.0 129.58
27.0 127.9
55.0 125.88
131.0 127.58
167.0 129.66
199.0 130.86
137.0 130.06
175.0 131.0
97.0 132.34
105.0 131.66
46.0 127.44
251.0 131.56
157.0 132.42
186.0 131.18
294.0 134.44
335.0 138.92
321.0 140.64
500.0 148.72
445.0 154.38
149.0 153.84
151.0 155.74
383.0 162.88
449.0 169.66
339.0 175.72
268.0 179.68
208.0 182.2
216.0 185.42
500.0 192.66
187.0 193.74
460.0 198.34
200.0 198.66
285.0 202.64
327.0 206.5
253.0 209.36
422.0 215.86
177.0 215.66
140.0 215.08
163.0 215.1
155.0 214.18
151.0 214.74
130.0 214.0
143.0 213.66
163.0 213.66
154.0 213.28
35.0 211.42
103.0 210.72
57.0 206.62
118.0 208.56
60.0 206.84
107.0 208.24
135.0 208.32
127.0 210.32
38.0 209.98
137.0 210.1
140.0 209.56
109.0 207.76
126.0 207.54
136.0 206.76
108.0 206.98
90.0 206.68
129.0 208.34
122.0 205.76
114.0 204.9
144.0 204.06
111.0 200.4
173.0 197.16
38.0 191.5
200.0 185.5
116.0 178.92
197.0 179.88
223.0 181.32
140.0 176.46
165.0 170.78
31.0 164.62
261.0 164.48
242.0 165.16
452.0 169.88
193.0 163.74
218.0 164.36
294.0 161.04
103.0 159.1
95.0 155.3
324.0 155.24
310.0 156.38
234.0 152.62
470.0 158.48
293.0 161.54
62.0 159.52
277.0 161.96
151.0 161.96
140.0 162.16
290.0 165.1
228.0 166.4
243.0 168.18
145.0 170.38
405.0 176.42
449.0 184.26
334.0 188.58
67.0 188.72
222.0 191.02
252.0 193.36
212.0 195.06
258.0 199.46
158.0 199.88
199.0 201.06
225.0 203.38
224.0 205.34
249.0 207.6
305.0 211.54
259.0 214.92
246.0 217.26
240.0 219.62
339.0 224.12
347.0 228.18
279.0 231.54
396.0 236.0
455.0 244.34
500.0 250.34
476.0 257.54
500.0 263.6
273.0 264.6
201.0 265.82
500.0 272.52
250.0 276.9
286.0 277.4
500.0 282.56
233.0 278.18
252.0 279.36
131.0 277.62
197.0 275.68
180.0 277.22
444.0 284.2
167.0 281.06
322.0 281.3
306.0 282.74
201.0 277.36
255.0 276.6
85.0 277.06
240.0 276.32
220.0 277.7
237.0 279.64
282.0 279.48
156.0 278.04
167.0 276.52
250.0 278.62
167.0 273.86
326.0 271.4
151.0 267.74
277.0 271.94
275.0 273.0
161.0 271.18
296.0 272.86
371.0 275.12
213.0 276.22
405.0 280.34
290.0 281.64
433.0 285.82
279.0 286.42
235.0 285.02
500.0 289.84
426.0 293.44
380.0 296.24
210.0 293.66
310.0 292.92
265.0 292.64
442.0 293.56
276.0 289.98
258.0 285.14
166.0 278.94
188.0 272.7
244.0 272.12
158.0 271.26
203.0 265.32
217.0 264.66
146.0 261.86
190.0 255.66
136.0 253.72
149.0 251.66
163.0 252.3
150.0 251.36
152.0 250.8
166.0 245.24
163.0 245.16
131.0 241.34
150.0 238.22
114.0 236.48
130.0 233.98
132.0 234.92
120.0 232.52
125.0 230.62
144.0 228.76
161.0 226.34
118.0 225.58
163.0 225.5
128.0 223.06
133.0 222.38
158.0 219.02
93.0 217.86
117.0 214.66
129.0 211.74
128.0 211.08
107.0 207.3
150.0 202.88
124.0 201.1
122.0 195.44
165.0 192.94
152.0 187.32
149.0 184.72
142.0 182.86
152.0 175.9
149.0 170.36
192.0 166.6
167.0 165.74
159.0 162.72
163.0 160.68
208.0 156.0
150.0 153.48
156.0 151.44
175.0 151.62
153.0 150.92
223.0 150.5
172.0 150.78
232.0 151.36
171.0 150.44
221.0 151.94
415.0 156.44
313.0 159.98
256.0 162.12
295.0 164.76
216.0 166.08
317.0 169.38
433.0 174.72
360.0 178.66
380.0 183.64
399.0 188.62
253.0 191.4
265.0 194.1
456.0 200.58
287.0 203.92
284.0 207.1
274.0 209.7
354.0 213.56
322.0 217.64
500.0 224.38
475.0 231.32
500.0 238.66
95.0 237.4
500.0 245.54
500.0 253.2
500.0 260.62
500.0 268.06
436.0 274.64
500.0 281.64
253.0 284.22
500.0 291.78
500.0 298.48
500.0 305.44
500.0 312.46
270.0 315.02
498.0 321.94
262.0 324.2
500.0 330.36
368.0 334.38
218.0 335.56
259.0 337.48
279.0 338.9
255.0 341.0
181.0 341.5
197.0 341.94
216.0 343.2
147.0 341.68
142.0 341.08
172.0 339.88
124.0 338.94
155.0 337.62
142.0 332.16
134.0 328.58
151.0 326.48
129.0 323.16
151.0 321.86
122.0 317.96
118.0 311.66
125.0 306.96
127.0 301.9
129.0 296.5
138.0 294.2
146.0 291.82
130.0 285.3
141.0 282.38
126.0 279.22
125.0 276.24
123.0 271.62
141.0 268.0
126.0 260.52
148.0 253.98
150.0 246.98
137.0 247.82
131.0 240.44
117.0 232.78
128.0 225.34
134.0 218.02
123.0 211.76
123.0 204.22
123.0 201.62
142.0 194.46
125.0 186.96
158.0 180.12
179.0 173.7
151.0 171.32
158.0 164.52
103.0 161.34
160.0 154.54
130.0 149.78
144.0 148.3
135.0 145.82
146.0 143.16
152.0 141.1
143.0 140.34
152.0 139.44
192.0 138.96
186.0 139.74
135.0 139.6
163.0 139.42
147.0 139.88
130.0 139.38
125.0 139.04
162.0 139.6
143.0 139.44
155.0 139.96
150.0 139.94
159.0 140.68
144.0 141.2
259.0 143.88
204.0 145.42
174.0 146.32
144.0 146.44
140.0 146.32
165.0 147.02
135.0 146.9
137.0 147.12
186.0 148.34
160.0 149.08
171.0 149.68
190.0 150.96
169.0 151.38
156.0 151.5
186.0 152.48
156.0 152.98
237.0 155.38
149.0 155.8
165.0 156.42
156.0 157.08
175.0 158.12
216.0 159.98
156.0 160.26
250.0 162.76
278.0 165.16
277.0 167.12
293.0 169.96
384.0 174.48
200.0 176.42
370.0 180.62
266.0 183.34
279.0 186.04
230.0 187.94
268.0 190.38
263.0 192.6
396.0 197.66
269.0 200.0
271.0 201.58
213.0 202.12
260.0 204.62
150.0 204.36
309.0 207.6
154.0 208.08
169.0 208.96
183.0 209.38
232.0 211.16
211.0 212.28
152.0 212.32
215.0 213.44
161.0 213.78
206.0 212.72
133.0 211.3
140.0 210.62
147.0 210.68
155.0 210.98
167.0 211.02
173.0 211.78
157.0 212.18
167.0 211.8
180.0 212.2
166.0 212.1
177.0 211.84
175.0 211.96
225.0 213.34
193.0 213.48
204.0 214.44
196.0 213.62
